11010000
10111100
01000000
00000010
10100110
01101011
11000100
01110101
00011111
10010000
11101110
10110111
10001100
10011011
11100000
11001010
10011000
00011111
11101100
01000111
11111101
10010000
11101000
10110011
11111110
00000100
10011000
01111010
01001100
01111111
10000101
11010110
10101000
11000010
00110000
10101111
10011011
00101011
11111000
01111001
00001100
00000010
00100010
01110100
00010111
01001011
11111011
11110000
01011001
01001110
00000001
11111111
00101010
11110000
00000111
11100000
00001010
10101100
11111011
11111001
10011010
11010111
01100000
10010011
10100101
01001100
00100100
01001000
00011100
10000111
01111110
00110010
11010101
11110101
10010100
10111011
10110101
11011010
01001011
01110100
01011001
00101010
00101000
01111111
01111101
01100010
11010001
10000101
10010111
10111110
00110011
11010001
11100100
10001110
10011110
01000011
01100011
00000011
10111101
10101100
00101111
01000001
01111001
01010100
10011110
01111011
01000010
00100001
00110000
10100000
11001010
11000010
01011101
10110100
11111010
11011100
11000111
11110010
10010100
11000100
10010101
00100100
10000011
11011011
00010000
10111101
00111010
01011101
01110010
10001111
10000101
11001011
01011101
11001101
11001000
11011001
10010001
11111001
00011001
11001001
11000111
01001010
00011011
10000010
00000100
11001010
01101111
10011001
00010101
00111110
01010101
00000011
01110111
00010000
10101111
01010000
01110110
11110001
01001000
10101101
01100011
11001001
01000110
00001000
10010110
11100011
11100111
11110000
10110001
11101100
11010101
00101001
01111001
01101011
00111101
01100101
01000011
01000010
00000111
11111001
01000000
00100011
11100111
01000101
01001100
00100111
10011110
11001001
11100111
10111001
11011000
01110101
11110110
10110011
00010000
11000001
11001011
01111000
00110110
00110111
01011011
00111101
00010010
00101000
11110001
01110110
00100111
11101110
11011010
00010110
10010001
00111011
00001000
00011100
11001011
10100110
01100100
01110110
10010011
11110101
00001100
11111001
10100001
10011010
01100111
00001010
01001101
10100110
10000010
00101111
10100110
00000111
11001101
10101000
11010101
10010010
10010000
00001010
10111000
00111110
11101001
11110100
11011110
00111010
01100000
11000001
10010000
11011010
01110101
11011110
00011001
01101110
01010111
11110111
00000101
11110000
10101100
11000101
01110100
00101111
01011000
10100101
10110101
01011110
00111010
01010011
10111000
11010101
11011110
10101101
00111101
10011011
11110111
10101101
10111111
00001000
00001000
00001111
00111010
11000100
11100110
10010101
11001110
00000110
00001001
10000010
01101110
11001000
11000111
00011111
01110100
10010000
10011010
01001010
00001010
10001110
11010101
10011001
10110100
00101010
10010110
11101101
01010010
10110011
10101001
01000101
10001110
01100010
01111000
10101001
00000010
10110001
11100101
01111000
10000100
11011001
11011111
11110100
00100111
00010100
00100110
00011011
00001010
10001111
00101110
11111111
10000010
10100110
00111110
11111100
00110011
00010010
00011101
00010001
11100010
00100100
00010101
10011111
11100110
11111110
01100111
11011000
00000100
10000000
00010101
01001110
10000101
11101000
10110001
10110110
00110010
01011110
10010000
01011100
11001110
11101010
10011101
00011010
10000111
01011110
01101000
01100011
11111011
10001001
10010010
00011110
00110011
10111100
00000001
11111111
00011010
11001010
00110001
11001100
11110110
11100010
00000011
00100111
10100011
00000101
01011111
01011110
01011100
11110101
10110101
11011110
00000011
10000000
10000101
11000101
00010110
00011011
10011111
11110110
01101101
11010011
10111101
11011001
10111100
01001010
01100110
01001100
10001110
01110000
00101100
10010010
01111111
01110101
00100101
11100110
10100110
01110001
01010111
00011110
01001110
11010101
11011101
11100011
00101001
01110101
00011101
01001111
11100101
11001111
01010111
10100101
00001010
10010110
00011011
10101111
00000000
10000110
10011010
10011010
01010001
00000100
10000010
10000010
11110000
11110101
00011001
00100011
10101101
00100111
01111000
00000111
10010110
00100100
10001100
10100100
11010011
10111001
00000111
00111011
00011011
01101010
10100000
00111001
00111111
11110111
11000111
01010101
10001100
00000011
00110100
01011000
11001100
00101010
10101000
11100101
10010001
10100010
00001010
01000111
01100101
01100011
00110000
11101001
01110111
10011100
00100100
00011001
01100111
10000001
00101111
11000001
11101011
10101010
01011110
11110111
00110011
00001000
00001011
10010101
01011111
10010010
10110101
00000100
10110101
10100011
11101001
01101101
11100100
00011111
10001100
10110001
11111111
11011010
11100100
01000110
01111100
01000111