00000000000000010110001000101000
00000000000000000011110001111111
00000000000000100101110100010111
11111111111110010111101101010001
11111111111111101111101000010100
00000000000001110010100110010110
11111111111110000110000111100101
11111111111111111000110011001011
00000000000000101011101010000111
00000000000000010101111100011111
00000000000000000111001011000000
00000000000001100100001101101011
11111111111110101010011000001000
11111111111111011010001010101111
00000000000000000001000011100101
00000000000001111000010110011010
00000000000011100001111000100101
11111111111111110100110110100100
11111111111111110000000110101110
00000000000000001110110011010110
00000000000000110010000111100000
11111111111111000100100000010000
11111111111111000000010011010100
11111111111111111001010001001101
00000000000001111001111101100011
00000000000001100101010100011100
00000000000000000101101110010010
11111111111111110000110010000101
00000000000000010101100011100000
11111111111111001110100010000000
00000000000000001011000101001000
11111111111110111001000111111101
00000000000010011100100001000100
00000000000001010111100010111101
11111111111110001111001100100110
00000000000000000011101110111100
00000000000001101101111000101111
00000000000001110010100101100101
11111111111111011001110100111010
11111111111111011010001110000000
00000000000000101001000011011100
11111111111110110000010100010100
00000000000001100010000111010010
11111111111111010101000001000011
11111111111111011100110011000010
11111111111111101100011110000111
11111111111110111101000001110101
11111111111111010111111111011110
00000000000001000100111110001001
00000000000010001100100000110101
11111111111111111000100101101010
00000000000000010101111100000000
00000000000000000111001101101100
00000000000001000001111000110101
00000000000001100100001100010011
11111111111111111100100000100011
11111111111111000001010001010111
00000000000000011001010011001001
00000000000000011011100110011000
11111111111111100000110011000000
11111111111101101011100111101111
00000000000001001011100001000101
11111111111111010001100101111111
11111111111111111010110011101000
11111111111111110001000110000100
00000000000001000011011101010010
11111111111111100000011111100000
00000000000000000101100011010110
00000000000000110101010100010100
11111111111110001101011111001000
11111111111111111001100010011111
11111111111110011110010101100000
00000000000000011100101011001100
00000000000000111011101101001010
11111111111110111010010101100000
00000000000000100110101101010110
00000000000000111110100111001011
11111111111111010110011101101100
00000000000001100110111001011001
11111111111111101111100000011111
00000000000000100110011111001110
11111111111110100100010011011001
00000000000001011010001111100110
00000000000001110000101001100111
00000000000001110011111010110010
11111111111111000010110100010001
00000000000001011100010110010111
00000000000001010001010011010111
11111111111111010010001110000000
11111111111111010110110000111010
00000000000001000000011110000110
00000000000000010010010100011001
11111111111110100110111011011010
11111111111111011111100101101010
00000000000001001110100001111000
11111111111111100111110010111000
00000000000000000110011111111000
00000000000001011100100111110010
11111111111111101100000100110011
00000000000001011100010110011001
11111111111111100111101101110000
11111111111111101110001001000111
11111111111111010000101100010010
00000000000000010011100011100000
00000000000000001111101101101001
00000000000001001100011111000101
00000000000000010101010000110011
00000000000000111110010001010010
00000000000001011011000101111111
00000000000000100110100100110100
11111111111111000000011110011111
11111111111111001010010001111111
00000000000000100000100111110111
11111111111110001111010101011111
11111111111111100001101111101111
00000000000000000001110001111100
11111111111110011000010000001111
11111111111110101000100010010101
00000000000000000001101111001111
11111111111110100000110110000001
11111111111111011010110101010101
11111111111111011000100101001111
11111111111110101101110000000010
00000000000001001100010100011001
00000000000000111011101000011000
11111111111110110110000010101111
11111111111111100110111101001100
00000000000000001110111001011111
00000000000000010010010010000111
11111111111111011100111100100011
00000000000000001110101110001111
11111111111111101011110111011110
11111111111111010111101100010101
11111111111111010110101001000110
00000000000010001111000111100100
00000000000000101100100100100111
11111111111111010100011010101101
00000000000001010101100000011001
00000000000001110001010101110100
11111111111111101111100101111110
00000000000001111011001000111010
11111111111111000100011111000101
11111111111101111110001010110110
00000000000000000010010111101000
00000000000000100001000110001001
00000000000000110000111111001000
00000000000001000010001101000100
00000000000001110011111111101001
00000000000010100010011011110100
11111111111111101001010010100010
11111111111110111111010100000000
00000000000000110111011011110001
00000000000000001001110001000011
11111111111111101101110110110111
00000000000001101010011011001000
00000000000010010011000001110101
11111111111111011100111110101000
00000000000000101100100000101010
00000000000000010001111110111000
00000000000001000101011011111001
11111111111111001110100100101101
11111111111110111001100010110011
11111111111111010110011111011010
11111111111111010110101100011011
11111111111111110010000011101000
11111111111111011011111111110011
00000000000000000001100101100000
00000000000000000011100111111000
00000000000001101100000011111011
11111111111110111010111111110110
11111111111111011110111100011101
00000000000000000011000111001100
11111111111111111111111010011100
11111111111111110011100000100111
11111111111111111000100110110101
00000000000000101111010100100110
00000000000001001001001010001000
00000000000000100010000001000001
00000000000000011110100000100101
00000000000000100100110011011111
11111111111111111111001100110000
00000000000000000010001010111010
00000000000001010001000101110110
11111111111110100001010001011011
11111111111111011010111101001111
00000000000000001001011011000001
00000000000000100110010111000001
00000000000000001100011100010011
00000000000000111101101111001111
11111111111111111100110100111010
11111111111111100100000001101011
11111111111111100110110011100111
00000000000000100011100101010000
11111111111111101100110000001100
00000000000000011110001011011001
00000000000000100100110000011001
00000000000000101111011000101001
00000000000000100010001010100010
00000000000000100110000110011000
11111111111111000010000111010000
00000000000000110011001011100000
00000000000000001111001011001001
11111111111111110100001100010001
00000000000000011001110101011101
00000000000010000011110011011001
00000000000000010010111010111110
00000000000000101111110001100001
00000000000000111101110011000111
00000000000000010000010011101001
11111111111111001001000101010100
00000000000000100000001001001101
11111111111111110001101010000011
11111111111111101111001011010111
11111111111111100001001110111000
00000000000000011111001101000000
11111111111111011111010111001000
00000000000000010110010000001100
11111111111111100101100100101011
11111111111111001111101010100011
00000000000000100110101100011111
00000000000010001010000101000111
11111111111111011011101101001011
11111111111110111011010011010100
11111111111110100111011000011110
00000000000000001110100101010111
00000000000000100101101101010101
11111111111110101000101011111100
11111111111111101110000110010100
00000000000000000010101101001010
11111111111111110100101000010011
00000000000000001100100010111110
11111111111110001110110001011010
00000000000000010010000000011001
00000000000000111010110111011010
00000000000000101111000101101110
11111111111110011110110111001010
00000000000001000001001101110010
11111111111110100101011111010001
11111111111110001110001100010001
11111111111111001111010111011110
00000000000000100001111110101010
11111111111111100010010101001111
00000000000000001001100100001001
11111111111110101000110101000111
11111111111111100110001010101001
00000000000001010000011011100011
11111111111111010000010001110011
00000000000000001100101011101101
00000000000000110010110001000111
00000000000010011001100000010111
11111111111110100111110111111101
00000000000000011100110110001101
00000000000010001000111000111011
11111111111110001011110100000101
00000000000001010011100110100110
00000000000001001001111100111111
00000000000000111101101101010001
00000000000000110011111010101110
00000000000000101011010101101101
11111111111111110011011100111011
11111111111110111111111010001010
00000000000000111100001001111111
00000000000000000011100000010110
00000000000000001001100101011100
11111111111110111010000000001011
11111111111111110011010100010100
11111111111111100101101010101001
00000000000010000011111100111011
11111111111111001100001011101110
00000000000000110000000001000100
00000000000000111011110101101100
11111111111111111101011001011011
00000000000000000110100011110001
00000000000000101101100101001000
11111111111101110110011111010011
11111111111101011100010110000101
11111111111111010001010000111111
11111111111111110111110001101111
00000000000000111110000110101000
00000000000001011011001101011010
11111111111111010011010000010000
00000000000000011010010100010101
11111111111110111000010011000010
00000000000000110101011101000111
00000000000001100011010010100101
00000000000010010001000101001100
11111111111111101000100010101110
00000000000000101010100100110101
11111111111110110010000100110110
11111111111111111010000110100101
00000000000000100010000110001110
11111111111111100100001110111000
11111111111111101111001001101010
11111111111110101001000011101111
11111111111110100000011010001110
00000000000000000010001100100001
00000000000000000000001001000000
00000000000001001100111000010010
00000000000000100010011011011000
11111111111101111100011110101000
00000000000001000111000000111000
00000000000010000001100100001101
11111111111110111011100000001100
00000000000010000001000001100011
00000000000000010010010111010000
00000000000000101000111111100110
00000000000000011001110100010001
11111111111111100110110011011110
00000000000001101110111101100110
00000000000000001010010000010100
11111111111111000100110110001110
11111111111111000011010011010001
11111111111110011110111001101101
00000000000000111010010000100101
00000000000001001011000100111001
11111111111110100100011001111110
00000000000000000111001100111111
11111111111111110011100000001100
00000000000000001100111001010010
00000000000000000001011001111000
11111111111110001101101111111010
00000000000000011100110000101111
00000000000000100101011010110110
11111111111111011110111000001001
11111111111111111110010011010111
11111111111110100010010011000010
00000000000000001111010111011011
11111111111111000010101111000101
11111111111111010011101101100010
11111111111111010001100011001010
11111111111111011000111000001001
00000000000001110010111100110000
11111111111111010010110010000000
00000000000000110011001011001111
11111111111111010000001101111110
00000000000001001101100110000010
00000000000000011111000110101001
11111111111111111000101100011010
00000000000010011100001100100101
00000000000010101100000000101001
00000000000000111010111111011100
11111111111110010011010010111100
11111111111111110001001110011000
00000000000001001100100101011100
11111111111111100000010110010011
11111111111101110111010100001001
11111111111111110001001110111111
00000000000000110000011010011100
00000000000000001111101000010010
11111111111111101101001010111000
00000000000001011011110000101100
11111111111111101011110010000010
00000000000001011110000011000011
11111111111111111000101001011001
00000000000000001010001110101010
00000000000000111010011100101100
11111111111111010010110011000010
00000000000001001111001010100000
11111111111111111110000000000000
00000000000000001000001101111110
11111111111111000101001111110110
11111111111111001110101001110001
11111111111111010011100101011001
00000000000001001010010000100111
00000000000000001100101101101100
00000000000000001001110010010001
00000000000000101011101110100001
00000000000000001000001010100011
11111111111110110111001100001001
00000000000000111011111001011001
00000000000000100010101100000111
00000000000000010010010101000000
11111111111110111101100011110110
00000000000000100101101110011011
00000000000001001001111001011101
00000000000000101001011010111011
11111111111111111100110111111010
00000000000000001001111011111010
00000000000000111011010110011111
00000000000010000001100001111100
00000000000000001000101111001111
11111111111111101001101010001100
11111111111110001101001101011000
11111111111111111010110011100111
11111111111111101001011111111000
00000000000000000101111011110101
11111111111111111011111110011111
11111111111110011010110011110000
00000000000001010110011011000110
00000000000001001101110000010101
00000000000000110010001011011001
00000000000000011110011010011111
11111111111101111010001011111111
11111111111111100101000101100110
11111111111110110000001011001110
00000000000001101110011010011010
11111111111110000101011100111011
00000000000000111011001110110010
11111111111111101110111001001100
00000000000001100011001001101101
11111111111110101110000111010001
11111111111111001110110011111011
11111111111110100100111101100111
00000000000000111100111001010010
00000000000001010000100111000000
00000000000001100011101000110010
00000000000000100010110110110110
11111111111111101111100011101010
11111111111111110001101010111110
00000000000001010011001110011011
00000000000000100101100110000101
11111111111111001100011011110101
11111111111111000011000100010110
00000000000000011100100110100010
00000000000010001011001010111001
00000000000000100000110010101110
00000000000000101000111000111010
11111111111111000101110011000100
11111111111110110010000110001100
00000000000000101110110100111000
11111111111111011111110000111010
00000000000000100001110000110000
11111111111111011101011110011111
00000000000001001111011001110001
11111111111110100110011111101000
00000000000000101100001000101000
11111111111111011110010011011110
00000000000001000011010111101001
11111111111111101101110011001101
11111111111111101110110110000101
00000000000000010000100011000101
00000000000000010000100011110000
00000000000000011110011111000010
11111111111111100001011101110010
11111111111111101110100011000001
00000000000001000111001110010101
00000000000000010111000100101011
11111111111111111110000100111010
11111111111111110101111010110010
00000000000000011110011010000010
00000000000000010100101111001110
11111111111111010011100001011101
11111111111111100111110100010001
00000000000010001000111111100010
11111111111110010001101110000011
11111111111110111001101110001000
00000000000010100111011001111001
11111111111111111111001111000000
11111111111111011000111010001010
11111111111111010110110111110001
00000000000001000101011010010110
00000000000000011000001011111010
11111111111110110111011111001000
00000000000001000100011110001001
00000000000001010100101110111110
00000000000001001111000101000011
00000000000000100001010001111000
00000000000000110101000110100000
11111111111111100000001110001010
11111111111111000000011110001000
11111111111111010110100001001111
00000000000010000001000000010001
00000000000000011101100110100100
00000000000000001111111000101000
00000000000000000001011111001010
00000000000000010011110001100011
11111111111111110100100000001100
11111111111111011101000010101000
00000000000000000000000110010100
11111111111111110000011011110010
00000000000001100010111001101101
00000000000000101111000011010100
00000000000010001101001011011101
00000000000010000101100101100010
11111111111110010101011110011101
00000000000000000111010100101010
00000000000000100000100010111111
00000000000000000001111100011010
11111111111111111100100000011110
00000000000000111001100001111110
11111111111111100010011111000000
00000000000000011100100011110000
00000000000000010111110111100111
11111111111111101000100001010111
00000000000001000101001000000001
00000000000001000000100001010001
11111111111111110001010001110000
11111111111111011000101100010000
00000000000000000001010010010101
00000000000000101100001100111010
11111111111111001010001000101000
11111111111101100110011100001101
11111111111111110011101000111111
00000000000000110011001001101010
11111111111111111000001011100000
11111111111111100011100100010100
00000000000000011100000011011100
00000000000010000111100001100100
11111111111111101111111011101001
11111111111111111011000110000001
00000000000000101011101101101010
00000000000010011010111010000100
11111111111110111100001000011011
11111111111111001011110110010000
11111111111101110101100110100000
00000000000000011010101111111100
11111111111111001001110111111110
00000000000000001111000100011101
00000000000001000111101001001010
00000000000000111011000100110100
00000000000010000111011001010110
11111111111111000110100000100010
00000000000001000100101011110110
11111111111110101011000110101000
00000000000000010000000110101101
11111111111110001100111000101001
11111111111111101101000010111101
11111111111111110001011011001111
11111111111111111111000100110001
11111111111110000001101100100000
11111111111111110111000001100110
00000000000001011011111101000100
11111111111111110000100101100100
11111111111111000110111001010001
11111111111111110110010011001101
11111111111111000001010111100001
11111111111110101110000001111100
11111111111110100111001100100111
00000000000000101001010101110000
11111111111101110110010111001110
11111111111111011000100001011110
11111111111111100101111111010101
00000000000000011000011111010010
11111111111111100111011111011100
11111111111101111100001101101111
11111111111110000100011101001111
11111111111111110010010000000011
00000000000000010011100001111011
11111111111111100000010010000111
11111111111111110001000011001010
11111111111111001001100000111100
11111111111110111010001010001000
00000000000000010101100101011010
00000000000000110010000110001110
11111111111111110101010010001110
11111111111111100110011010110000
00000000000000001001010110010101
11111111111111100010110111101011
00000000000000001000001100011111
00000000000000001110000101100010
00000000000000011100010111011010
11111111111111001100011011011011
00000000000000110101101000100000
11111111111110011011101111000011
00000000000000101001011101100110
00000000000001100100101000001011
11111111111111100100100100011101
00000000000001010011110010101010
00000000000010000110001111100100
00000000000000011001101100011010
11111111111111010111101010001110
11111111111101101001111100001010
11111111111111010011101110001111
11111111111110110010110110011111
00000000000000000001100011011001
11111111111111110001100111000111
11111111111101110001111111010110
00000000000001101000010001101000
11111111111111100000000100110011
11111111111101111010111111110010
11111111111110100101111000000111
00000000000001000111101100011101
00000000000000001111001101111001
00000000000000110001001111011100
00000000000000010111100111111100
00000000000000011001001110010011
00000000000001101011110011101111
11111111111110111010110011101100
11111111111111010000011001110001
11111111111111110000001110111011
00000000000000011101001110001011
00000000000001101000001000001000
00000000000000010001111000100001
00000000000001001111111010110100
11111111111111001100011101100000
00000000000000010100111111000001
00000000000000000001100111101100
11111111111111111110010100011000
00000000000000010100010001010111
00000000000001000100111111101011
00000000000001101011010110010111
11111111111111000111100110101101
00000000000000000011100101001011
11111111111111010101110010010011
11111111111111010100000101111011
11111111111111110010010111011001
00000000000010010111101100111100
00000000000001011101001101100111
11111111111111010010111000110100
00000000000000111111111001100011
11111111111111101100110011001100
00000000000001011101000111011011
00000000000000000011110000010111
00000000000001110110111000000110
00000000000000010001101001110010
00000000000000100101110111010100
00000000000000001011110001001101
00000000000000100001011111100101
00000000000000110110101001000000
11111111111111110001110110000000
11111111111111110101011001001110
11111111111111011001110110100100
11111111111111110001000100110000
11111111111111010100000001100000
00000000000010010101011111011011
11111111111111100110111100101010
11111111111111110010001101000010
11111111111110111101011110000111
11111111111111000010100011010100
11111111111111100100110000111101
11111111111111111110111100100011
00000000000000100101111110001110
11111111111111010100001000000010
00000000000000111100110001010010
11111111111111000100101010100100
11111111111110101011000110100000
11111111111111000110011000011100
00000000000000001001010110100111
11111111111110111100110011100000
00000000000000001100110111010001
11111111111111101000010010100000
11111111111111001100010010011110
00000000000001000000110110001101
00000000000000111100001111110100
11111111111111001111101100011000
00000000000001010100010011001001
00000000000000111000111110111001
00000000000000010111000111001110
11111111111111100010110111100011
00000000000001000000110011000100
00000000000000111110001001100000
11111111111111101101000011100010
00000000000000010111110110111101
00000000000000011110010000111100
00000000000001001101001111110111
11111111111111000111001000001010
11111111111111111011011011001100
11111111111110011111000110111011
00000000000001010000011100110111
11111111111111010101010111001110
11111111111111100000010111111110
00000000000000110010111010010110
00000000000000010100101001001110
11111111111111101011010101100001
00000000000001100010100000100110
11111111111111111010101101011010
00000000000000000101110010001010
11111111111111001000100000010101
11111111111110111011000001010001
11111111111111110010000110010000
11111111111111111110110011111001
00000000000000111001010101000001
11111111111111110010110110000111
11111111111110100111000111101100
11111111111111011100110110110011
00000000000010000101110100000000
11111111111110010101011111011001
00000000000000100010001000001000
11111111111111011111110001110110
11111111111110001100100100110011
00000000000000011011010010100010
11111111111111100011001011100101
00000000000000111010101000010001
11111111111110011110100110011011
00000000000000001001101110010001
00000000000000001110010010110010
11111111111111010101111010111010
00000000000000110000101011110000
11111111111111111110011100101100
00000000000000000110110000110000
00000000000000010110000011011010
11111111111111100001011110111100
00000000000000111110101010101100
11111111111101111000110001110010
00000000000000101011101110101111
00000000000000010101001111010100
00000000000000001010001100111000
11111111111111101110010111010111
11111111111110101010110011001100
00000000000000101111101111110110
00000000000001111001101001101100
00000000000000010100010110110110
11111111111111110000111101000011
00000000000000001011110101100001
11111111111111110110001101101001
00000000000000010001100000000001
11111111111111111100101111101100
00000000000001011000011110001100
00000000000000111001011001001010
00000000000010001010000000110010
00000000000000111010100010010100
00000000000000011011011100100101
11111111111111001100011111101011
11111111111110000010000011111001
11111111111111110110100101110000
00000000000000100010101111010001
11111111111111010100011111011101
11111111111110000001001010010000
11111111111110001010101000110110
11111111111111110100111100000011
11111111111110101010010100000001
00000000000000111100000110010001
11111111111110101110111001011001
00000000000001001111011000100101
00000000000001001111000000110001
11111111111111011011100001100110
11111111111111001001011111111111
11111111111111001100100110011010
00000000000000010101110010000000
11111111111110010111111110001010
00000000000001011000001000011001
00000000000001110001111010011010
00000000000000101010110001000111
00000000000000101000100000001001
00000000000000001010111110110111
11111111111110101011100111001010
00000000000000011101010001100100
00000000000000000000100011000000
00000000000000010011011001110001
00000000000001011001110000100011
11111111111111111110000011110110
11111111111110110110010010000100
00000000000000010011111101011100
11111111111111100010011010001101
00000000000000111011101101100001
00000000000000010001000100001101
00000000000000100001110011011110
00000000000001111000001110010111
00000000000000000111111110101010
00000000000001100110010110010001
11111111111110111001001011010111
00000000000000000000001101101110
11111111111110110101001000101011
11111111111110100000001101101111
11111111111110011100000001111100
11111111111111000011100010111001
00000000000000001000110111010010
11111111111101110010100001001100
11111111111111010100010001011010
00000000000000111000011100101100
00000000000010101011001110010000
00000000000000011100100000011001
00000000000001100111001110111110
11111111111111111110110110110101
00000000000000000101010111110100
00000000000000101010010000110111
11111111111111110010000001000001
00000000000000001111000110111100
00000000000000110001000001111001
11111111111110011010001010011110
00000000000000010111110011001110
11111111111110110111100110001010
00000000000001001010010001011110
11111111111110011001010010001111
00000000000000110000110000100001
00000000000000011001000011111110
11111111111111010011101011110000
00000000000000110010010111101101
00000000000000000111011000010001
00000000000001001111010010101010
11111111111111011011100011101000
00000000000000100000000001111000
00000000000000110011101010000100
00000000000000001101011100110101
11111111111101011101110101000001
00000000000001000000101110101100
00000000000001001100110100000010
11111111111110111010101010111000
11111111111111101000100101110011
00000000000000001000001100110110
00000000000000000101101010011011
11111111111111110000010101111110
11111111111111001011100010001100
00000000000000010011000011000011
11111111111111111111110100000110
11111111111110010001000010101100
00000000000001010001100101111001
00000000000001001010110110011011
11111111111110110100010101010111
00000000000000010100101100010001
11111111111111010000101110110011
00000000000001100111010100011101
00000000000000000110101011110011
11111111111111101001110111011100
11111111111101110100000000100000
11111111111101010001001001111010
00000000000001011001111001011110
00000000000000011010010011110110
11111111111111010101000110110001
11111111111111000110111011000100
11111111111111100011100111111100
11111111111111010001011111110110
00000000000000110001111100100110
00000000000001010101100100000000
00000000000000100110101110001101
11111111111110101001000110110011
00000000000000010111100001001101
00000000000000101000101010000101
00000000000000011010001101110010
11111111111110111101111101011101
11111111111111100010101001110100
00000000000000110101011101100001
00000000000000110001010000101000
11111111111111101110111100010011
00000000000000110100010100110011
00000000000000000001000011011010
00000000000000001001010100001111
00000000000000101000101101000111
11111111111111011001111011111110
11111111111111100101000110011000
00000000000000111110000000101001
11111111111111100110000111110101
00000000000001111100111100110110
11111111111111110000010001101010
00000000000000100100111010101000
11111111111111100111001110100011
11111111111111100110111011011000
00000000000000011000001101101010
11111111111111111110100111001100
00000000000000101110000111100110
00000000000000101010011000000110
11111111111110110101100000010111
00000000000000100110101010100000
00000000000001000110101011011011
00000000000000011011111001001010
00000000000000011111101110110111
11111111111110111100100001010011
00000000000000010110100010010100
00000000000000011110001111001110
11111111111110110000101000110011
00000000000001000101011101101010
11111111111111010111101001111011
00000000000000100111010000001110
11111111111110011100101110110000
00000000000000000101111111101110
11111111111111110010001000111011
00000000000000101110110110010001
00000000000001000110111001101010
00000000000001101000000101110000
00000000000000000010000111100101
00000000000001101100001011001000
00000000000000000001100100110000
11111111111111011000010001010111
00000000000000100110011110101000
00000000000000001111001011100101
11111111111110111011011111011011
11111111111111110111000101011100
11111111111111100010001111010100
00000000000000011011111100101000
11111111111111001101010000110001
00000000000000011000111011010010
00000000000001001110111010101100
11111111111111000010010010000110
11111111111110111001011110101011
00000000000000111100110111101001
11111111111111000100010100011011
00000000000000001010011100010110
11111111111110010111001001010000
11111111111110101101010011001000
11111111111111101000000111100111
11111111111110010011101101110001
00000000000000011111101110010101
11111111111110101000000011110001
00000000000000010000110000100110
11111111111110110010111110101000
00000000000000000111001100001100
11111111111110111100010110111001
11111111111110011100101100100001
00000000000001001010110001010000
00000000000000001011100010001000
00000000000001010111010001110110
11111111111111100100100110001110
00000000000000010010000010011101
11111111111111100010001110101110
11111111111110001111101100101111
11111111111110110011101000011011
00000000000000000000101011100100
11111111111111000011010001110011
11111111111111100000101001111101
11111111111111101010011010010010
00000000000000001000101011101101
11111111111101000011101001011010
00000000000000101111111111000011
00000000000000100101100101101000
11111111111111011011010000001000
11111111111111100001000010110001
11111111111111011101110001011110
00000000000000010010010000111010
11111111111111110101011010111110
00000000000000000001001000011001
11111111111111000001100110011011
11111111111111100011001100000100
00000000000000010100110111001111
00000000000000101111111101110110
00000000000000010100100110110110
11111111111111101110010110100001
00000000000000000011000111010110
11111111111110101011110000010110
00000000000000101101100110101011
00000000000001000100000100001010
00000000000001000010100101110010
11111111111111101101100101100101
00000000000000110100101100100010
11111111111111101111101000111010
11111111111111010000000011110101
11111111111111000100110100101101
00000000000001111001111110001100
00000000000000011011000111011100
00000000000000011110011110001001
11111111111111101010101001001001
00000000000001111001001111111110
00000000000001110000011010110011
11111111111110011001111110001100
00000000000001001000111111110011
11111111111111010011001111100101
00000000000000011011010010101011
11111111111110111111110000011111
11111111111111111101001001011010
11111111111111111010000000011110
00000000000001001111010010101000
11111111111111011000011011100011
00000000000000011000000011101010
00000000000001011010111101100011
00000000000000101000010011110011
11111111111110001110001101011100
11111111111110110010110100000100
00000000000000100010000011110011
00000000000000010000110001011111
11111111111111010000000001001100
11111111111110111101111101001000
11111111111111011010111100011001
11111111111101000001100110000000
00000000000000010011100011111111
11111111111111000010011001010100
00000000000001001111111000100101
11111111111111010100011010011101
11111111111110101011001111011101
00000000000000001100000101100010
11111111111111001010110111000011
11111111111111101000000011001111
11111111111111000101010011011101
11111111111110011000111111000101
00000000000010001011001111111100
11111111111110101000100000111000
00000000000000010111101000000111
11111111111110001011000010111011
11111111111110111011110011100110
00000000000001000100100000110111
11111111111111111010101111111110
00000000000000110011011011110011
00000000000000000000110101001010
11111111111111111001011101110011
11111111111101001111000100011110
00000000000000110111010011010101
00000000000000101000000101011110
11111111111110110110100001011000
11111111111111111010000101001000
00000000000001000001000111001111
11111111111111111001100111111001
11111111111111000001011101101010
00000000000000110001010111100011
11111111111111010101101011101100
00000000000000110111100000101011
11111111111111001101001101000010
00000000000001011010110000110001
00000000000000110010001000010000
11111111111111011100100111001000
11111111111111111010001101100101
00000000000000000010101000011100
11111111111111010011111001001011
00000000000000001000110101110110
00000000000000100011111101010111
11111111111111011001010011111001
00000000000000101000001011001001
11111111111111101011110011001101
00000000000000110100100011010000
00000000000001110010000010001011
11111111111110101011011001001110
11111111111111010001010100101101
11111111111111110110011011000101
00000000000000111010001110000110
11111111111111011100000100101100
11111111111111001000011010101111
11111111111111100100100110101111
11111111111111010101110111001100
00000000000000011000111111000101
11111111111110000110110010111010
11111111111111010011100011011111
00000000000000000001110011110000
11111111111101101110000011011111
00000000000001101111000110110111
00000000000000000011111101100010
11111111111111111010101011111110
11111111111111101010101010111111
00000000000001111111011001110000
00000000000000001101000110011010
11111111111110101111111010000110
11111111111110110111111011011001
11111111111110111111111000001000
11111111111111100010001011010100
11111111111111010001001001111100
11111111111111110011110110100100
00000000000000010011010100111011
00000000000000101001101100011110
00000000000000110000001010100110
11111111111111111010010101111110
00000000000000111111101000000101
00000000000001011100100011111001
11111111111110110010101000101111
00000000000000100111101100100111
00000000000000000100010001110111
11111111111111101000101000010111
00000000000000110101001110010001
00000000000000100000000010011101
11111111111111011001110101000100
11111111111111000010111011110010
11111111111100100111011100100101
11111111111111100101100111101100
11111111111110010010010011110000
00000000000000011110110111100101
00000000000000001000100111111101
11111111111111001111000011001000
11111111111111101001100001100011
00000000000000110001101011000010
11111111111110100111101011111110
11111111111111100010000111011110
00000000000000111101000100001100
11111111111111101010000111110100
00000000000001010110011110001111
00000000000001100111111111110110
11111111111111100100101011101001
00000000000000101110010001011011
11111111111111001000000101100111
00000000000010010111010000100011
00000000000000111011010010110101
00000000000000010010010111000111
11111111111111001111000110101110
00000000000000101100101011100000
00000000000010000010010001110011
11111111111111110100000010000010
00000000000000000011100111111110
00000000000000010011000100100111
00000000000000111101110111001001
00000000000000011100011011100110
00000000000001010110100011011100
00000000000001000101100001101101
00000000000001101001010010100111
00000000000000001011010100100110
11111111111110110111100101101100
00000000000000010001001111101010
00000000000000111100010010110010
00000000000001000000111011000110
11111111111111110001110011110110
00000000000010011100111110001001
11111111111110100001111000111110
11111111111111110110101101101011
11111111111111000110000111010110
00000000000010001000110011001101
11111111111111010001000000101101
11111111111110111100100100011110
00000000000001011001001011110111
11111111111110101110100001100001
00000000000000001000000000011111
00000000000001010011011010000110
00000000000000100101000010011101
11111111111110010011010100110011
00000000000001101110001101100011
00000000000001010010101111010111
00000000000000001101111110100100
11111111111111011111100110001101
11111111111111000101000000100001
00000000000000001110110000010011
11111111111111101011010010000111
11111111111110111011000110010100
11111111111111011001011011000001
11111111111110101001011111001010
00000000000000010101101100101101
00000000000000110011101101011000
00000000000000110100111000001001
11111111111111100011010011110001
00000000000000011110010110001100
00000000000000111011101101011100
00000000000000000010110100011101
11111111111111011111100001000111
11111111111111000010011110010110
00000000000000100000010010000111
00000000000000001010110011011011
11111111111111111100101000110100
00000000000000101101011111000111
11111111111110001100010000110111
11111111111111111101111011001100
11111111111110010100010111101011
00000000000001111110110001100000
11111111111110111111111010101011
11111111111111011010110101100001
11111111111111111000011001101100
11111111111111011011001001101100
11111111111111110100010001100001
11111111111111101111110001010101
00000000000001101001011100010111
00000000000000100110000111110110
00000000000000001111100011100010
00000000000001011010110000101111
11111111111110011101101101000110
00000000000000101000010000110111
11111111111110111101101111001010
11111111111111001111101110001001
00000000000000001110100000011100
11111111111111100100100100100100
00000000000000010000011110110010
11111111111111101001001111100000
11111111111111111011110010100101
11111111111110001101000010010101
00000000000000001000111111110001
11111111111101111100001110010011
11111111111111011100011010110001
00000000000010011111111111100101
11111111111111100110010111001000
00000000000001111001011010010011
00000000000000010001100011010110
00000000000000111101010010110000
11111111111111100100011010101111
00000000000000000000011110010101
00000000000000011001111111011111
00000000000001100000001011110011
11111111111111011011001110000110
11111111111111010000101010011111
00000000000000101110110011001101
00000000000000001100000010101101
11111111111111100110000000001000
11111111111111100100100100101000
11111111111111100100110101010001
00000000000000010101001001100001
00000000000001111101001110001001
11111111111111110011000110110001
11111111111111010101100000111111
00000000000001010001101100111000
11111111111110110001001010010011
11111111111110100100101011001101
11111111111110110001101011100100
11111111111110011111110100110011
00000000000000001110011000110011
11111111111111100010011010011001
11111111111111100000000011111000
11111111111111000001000100100101
11111111111111110110000011000001
11111111111110111000100001001001
11111111111111101110110010101001
00000000000000000011100011111011
00000000000010011111101111011010
11111111111111000110000101110010
11111111111111111001001110111110
00000000000001001111001010001011
11111111111111011000010101000101
11111111111110100001111110010100
11111111111111100011100011001100
00000000000000010100111010001000
11111111111110100000101011101000
11111111111110111101011101111000
11111111111111110111011100101001
00000000000000001111111001000000
00000000000001000100010101111100
00000000000000101100000000100011
11111111111110110110100010111110
11111111111111001001000011110110
00000000000000000110011010101100
11111111111111110001101101110101
11111111111110101010110001101001
11111111111110101100110010011001
00000000000000000010101011000100
00000000000000001000111100100011
11111111111110100000111001001000
00000000000000000010010111110010
00000000000000001101010000110111
11111111111110111001111001110101
11111111111111110100110000001100
00000000000000000011001001111011
00000000000000011111110001000100
00000000000000110000011100011001
11111111111111000110011010101011
00000000000000001100001100111100
00000000000001111011001111001100
11111111111111010010101011111110
11111111111111010111000100110010
00000000000001101000101001010001
11111111111111010010111101000111
11111111111110111010111010110110
00000000000000111101000001100111
11111111111110101010110011000011
00000000000000001001111001100011
00000000000001110111101010010110
00000000000000010011101010000001
00000000000000001111100011000001
11111111111110111110001010100001
00000000000000110111000110001001
11111111111101101011001100100011
11111111111111101000101000100001
00000000000000010001011010101110
11111111111111110110010101000100
11111111111111111010000011111101
00000000000000000000001100000000
00000000000001101111000111101010
11111111111110000011100111111100
00000000000000001110101011111000
11111111111110111000111001000001
00000000000010000000010010111101
00000000000000111000101110101000
00000000000010000100101001111001
11111111111111010011001110111100
00000000000000011110010101000100
11111111111110100001011110110011
11111111111111001000000101100111
00000000000000101001100010011111
11111111111111010010101100011001
00000000000001010011100010000001
00000000000000100110001101100011
00000000000000010010111110110000
00000000000000010001100101011001
00000000000001100010000100101111
11111111111111101011101111011001
11111111111110111100111110010010
11111111111110010101100010101101
11111111111111001011111010101100
11111111111101111110110101101001
00000000000000000100110101101001
00000000000000001000110101101100
00000000000000000011110010110100
00000000000000101011111110000010
00000000000001010100100100011100
11111111111110011001110101101111
11111111111111011100011001101110
00000000000000000110111001111101
11111111111111100001101100000101
11111111111111110011101011000000
00000000000001000100101011000110
11111111111110011111101101100000
00000000000001011100000111110001
00000000000000010101111010000110
00000000000000110000001101100010
00000000000000100100000101011000
11111111111111101000111100101011
11111111111111101100001011011011
00000000000001101110101111000101
00000000000000111001010110100110
00000000000001110111110100001101
11111111111111111110110011011000
11111111111111100010011000001011
11111111111111000000010101001110
00000000000000011011100010110111
00000000000000001101100101110100
00000000000000010000011101001011
11111111111111111110101100110010
11111111111111010001110110101111
11111111111111111010010110011011
00000000000000011000011111100010
11111111111111011101100000110100
11111111111111100011010010101100
00000000000001100110010001010010
00000000000001000000111110011101
11111111111111111000000111110100
00000000000000000100111101100011
00000000000001000001111111110101
11111111111111101110010001100000
00000000000000010101100101111011
11111111111111011000000000001110
00000000000000001001000110001000
11111111111111011010001111110110
00000000000000111110101010111111
11111111111111011111001110011000
00000000000000011000001000111111
00000000000000010011101000111011
00000000000000010011011101010000
00000000000000001101000001111000
11111111111111110101000110001011
00000000000001000001101001010010
11111111111111111111110100010010
11111111111111010111000101010110
00000000000000011100011001011111
11111111111111110011000001101011
00000000000000001011101011011000
11111111111111000101011100011101
00000000000000100010000001011101
11111111111111001101101101000111
00000000000000110110011011100111
00000000000001011110100100011100
11111111111111110001001111010001
00000000000000111001011110101110
11111111111110101011111110111101
00000000000000011001011000100110
11111111111111110111101011011010
00000000000000010100111100101001
00000000000000000100001110101100
11111111111110000000111111011001
00000000000001010111101100110111
00000000000000001101110010100100
11111111111111100110111111101100
11111111111110010110101010010111
11111111111110010101001000111101
11111111111111010010100101111000
11111111111111100001110111000111
11111111111110000110000110010101
11111111111111100100001110001111
00000000000000111010110111000000
00000000000000011110011010110000
00000000000000011100101111001101
11111111111111110000010000000110
11111111111110000000001101011101
00000000000000101000101100011101
00000000000000011010110011111000
00000000000000100101010001101110
11111111111111101000101010111000
00000000000001111010111110001101
11111111111111111010100111101100
00000000000000011000100110010100
00000000000000001000111011101100
00000000000001100011110110111000
00000000000000010000100011010110
11111111111111101110110110010000
11111111111110100111111010110110
00000000000000011001101100011010
11111111111111101110010100100010
11111111111111010001000110110000
00000000000000000100101111100101
11111111111110011010001001011001
00000000000000101100101011001000
00000000000000100101101010100001
00000000000000101001001000111100
11111111111111010101011011010010
11111111111110100010011000001101
00000000000001101101110000101011
00000000000000001000010001101010
11111111111111011010111010110110
11111111111110110101111100010010
00000000000010000101001000101111
11111111111111111110110111010011
11111111111110011110110111110100
00000000000000000100101110011110
00000000000000100100100111011000
00000000000001111101010101100110
00000000000001010101011011110010
00000000000001000100110010000010
11111111111111011101011100100101
11111111111101110001001110011100
11111111111110101010101011110010
11111111111111110000111100000010
11111111111111100100000001001010
11111111111111100110000000100110
00000000000000000011001100111001
11111111111110101110110110111100
00000000000000101000110000011011
00000000000001001110000001010010
11111111111110100010100100101110
00000000000001001100101101010110
11111111111111001111001110111011
00000000000000101101011001011011
11111111111111000100111100010111
00000000000000110010110000110000
11111111111111011111000111101011
11111111111111010111011101101001
00000000000001010111011001101010
00000000000001101101110100101101
00000000000001110000110111100100
11111111111111001111010010101001
00000000000000010101110101000001
11111111111111110010010111010101
11111111111111010100011001011011
00000000000000001001110111011110
11111111111111111100001010111101
00000000000000000001100111111100
11111111111111111110111110000000
11111111111111011110010101100010
11111111111111100101111010000010
11111111111111111110011011010101
00000000000000011100001101001011
11111111111111111101000001010000
11111111111110111010001110001011
11111111111111101111000111011110
00000000000000010101110111101100
00000000000000110000111011100111
00000000000000110010101101111001
00000000000000101110101101010101
00000000000000100011010010110010
11111111111111100000110111011000
11111111111111111101011001010010
00000000000001001110101110001001
00000000000000000011100100010101
11111111111111111101000101110100
11111111111100111000101000010000
11111111111111110110101100010001
11111111111111100101011111110101
00000000000000000111100010111100
00000000000001100111010101000101
00000000000000101001111010000110
00000000000000100110001001000100
11111111111111011101010000001101
00000000000000001001110100100101
00000000000001101101111011010010
11111111111111100001000101111011
00000000000000000010110000011000
11111111111110111100011011010100
00000000000000110010000001101000
00000000000000110111100000011110
00000000000000111000101000010100
11111111111111010000010110010000
00000000000010100011011100111101
11111111111111001111000110110011
11111111111111010110101000000000
00000000000000000100010000100000
00000000000000001101000100110100
00000000000000000101010111011110
11111111111111010110010110101101
11111111111111011101101011010000
11111111111111010011110010001000
00000000000000110000101000000010
11111111111110100100011110010000
11111111111110110000011011001111
11111111111111011011010001100110
00000000000001010110010011000101
00000000000010101110101110010011
11111111111111110001011100000110
00000000000000011100000101111100
11111111111110110100111110010011
11111111111111100001110111100101
00000000000000010010100101100011
00000000000001011001101100100100
00000000000000110011100110001100
00000000000000101000111101011011
11111111111111100010101110111000
11111111111111101001101010111111
00000000000001101110000010100111
00000000000001110001011011011011
00000000000001000100010010111100
00000000000010000011001001001000
11111111111111001000000000111010
11111111111111100111111010111110
11111111111111100000110101001000
00000000000001001111001001001100
11111111111110011100111000001111
00000000000000011110101101001111
11111111111110110111000000010000
11111111111110001000001011000101
00000000000000000110010011010111
11111111111111001001111101110011
00000000000000111110010111001100
00000000000010000011000111101100
00000000000000001111010100001101
11111111111111010101100111001001
11111111111110100000000111001111
00000000000010010011001010110000
00000000000000111110001111111001
00000000000000100110101000101011
00000000000000110101110001011011
00000000000000100111100001111011
00000000000000000000110000110101
11111111111111111101100100101001
11111111111101100000011110110101
11111111111111100001000010100001
11111111111111111100000110010010
11111111111111110110010110001011
11111111111111110010000001110110
00000000000001110010110011010100
11111111111110001101010010101010
11111111111110100000000011100100
00000000000000111100101010100110
11111111111101011111110101000111
00000000000001001000000010011110
11111111111111010111000100010000
11111111111111011001001000101111
11111111111111011011101111011100
11111111111111110010010101010000
00000000000000010000111101100001
00000000000000100110010101001000
00000000000000011001000100111101
11111111111111100101101000100000
00000000000000010000111010001100
11111111111111111000110001011010
00000000000000000011101001100110
11111111111111001110000000100000
00000000000000011011111000110000
11111111111111101001000101111011
11111111111111100001010001100110
11111111111111100101111101011001
00000000000000111110011100001110
00000000000000001110010110001011
11111111111101111000001000100110
11111111111110011000110100011001
11111111111110101011110010010010
11111111111111001011000101101100
11111111111110111101000011111110
11111111111111100100101110001011
00000000000000011001100001101000
11111111111110101011001000111010
00000000000000101011101011110110
00000000000000010111000001000111
00000000000000101110011101100101
11111111111110011010110011011010
11111111111111001001011110000001
11111111111110110011011001100110
00000000000000111111011111111000
00000000000000100110001110000101
11111111111111110000000011110101
00000000000000001000110001111011
00000000000000000110111001000110
11111111111111000111011100111111
11111111111111100001011111011000
11111111111111101110011000001001
11111111111111100011000100000001
00000000000010000010101011000001
11111111111110011111101001110001
00000000000000011000110110001100
11111111111110100001000111100101
00000000000000010111101100101000
11111111111111001100100101100010
00000000000000100010101001110101
00000000000000010001100011111010
11111111111111110010110011010010
11111111111111101011011101000000
11111111111111111000110101111101
11111111111111110001110111111000
00000000000000011010001100111111
11111111111110010100010010000110
00000000000000110000101001100100
00000000000000000111100011001110
11111111111110010011001010010001
11111111111111111110111111100100
00000000000000110110100011100111
11111111111110111010011010111111
11111111111111100101000101001110
00000000000000100011101001001011
00000000000000111100010001110010
11111111111110101011101101011110
00000000000000110111100010011100
11111111111111010110001100101010
11111111111111111010101100011010
00000000000000010111110011010101
00000000000000001011000011010001
00000000000000010001101111111000
11111111111110011110001110011010
11111111111111001100100010001111
11111111111111001110111101101110
11111111111110110100110110110001
00000000000000001001010111010000
00000000000000100100100000111101
00000000000001010000110011110011
00000000000001000001001111001011
11111111111111100010100011101101
00000000000001000110010010110000
11111111111111011000001001010111
11111111111111101011011101000111
00000000000000011100111000011011
11111111111101111000000100111111
11111111111111111010111111101101
11111111111110111001100101010000
00000000000000101101111101101100
00000000000000001000001111010111
11111111111111100100011110100100
00000000000000110010110001101000
00000000000001100001000011110100
00000000000000000000011100100010
00000000000001001001101101111000
11111111111111010110110001111010
00000000000010000111111000110010
11111111111111010111111001000011
11111111111110110011010010110110
11111111111111010001100110011011
11111111111111101001011001100000
11111111111111110001111110011100
00000000000000111000101010111000
00000000000000001101101000111000
00000000000000100010001110011110
00000000000001011000111110101011
00000000000000010100011001110110
11111111111111111100011011101011
00000000000000000001111000001010
00000000000001110010111010111010
00000000000000001010001110011100
11111111111111011010000011001000
11111111111111111010111011001011
00000000000000001110101111010001
00000000000000101011110011001110
11111111111111011011010000000100
11111111111111101011000110100011
11111111111111010011010100011110
00000000000000010111000001000000
11111111111111000010100011101011
11111111111111100010111101101001
00000000000000001110110101101100
11111111111111001100111101111001
11111111111111100100000000011001
00000000000000011000110010010100
00000000000000011101000100001000
00000000000000110101101011100110
11111111111110010110101111101110
11111111111111000100010100110100
11111111111111000111011011101011
00000000000001001010111010101001
11111111111110100110110110101010
11111111111111111111010011010010
00000000000000101001101101110101
11111111111111010100110000110001
00000000000000110000110110000010
11111111111110111101011111111100
11111111111111110001100111111111
11111111111111101100101100111010
00000000000000010010001100000001
11111111111111010111100111011101
11111111111111101011010110111000
00000000000001100000101001101001
00000000000001010111110010011000
11111111111111001010001101011110
00000000000001000100101111110100
11111111111110011111010010001000
00000000000000010101001101011001
00000000000001001000110100010001
11111111111110111111001110100001
00000000000010010010001110111100
11111111111110101101101001111010
00000000000000000110100100100000
11111111111111010111101011000110
00000000000000101010110110011110
00000000000000101100100101010010
00000000000001000000111010111010
11111111111111111111111111000001
11111111111111111100011100111010
00000000000001000111110100011000
00000000000000010100111100000110
00000000000000100001110011100110
00000000000000001010010010011101
11111111111111011010001100111010
00000000000001011010110000001111
00000000000001001101010110001110
00000000000010000101100010010001
00000000000001001100100101000110
00000000000000010100111110100000
00000000000000101101110110100100
11111111111111100000100110111010
11111111111111011100100100111000
00000000000001010001001010110010
11111111111110010011011010110010
11111111111111110101000110001111
00000000000001011110000100101110
11111111111111100101011011000011
00000000000000011010100101000010
11111111111111110011100110011100
11111111111100110000101010011001
11111111111111001111101110101110
00000000000001100111000000010000
11111111111110100101100011100100
11111111111111001010000011001011
11111111111110110110111111100110
11111111111111110111100111000100
11111111111110011110000000011001
00000000000000001111110110111001
11111111111111111011110110011000
11111111111111001010011111010010
11111111111111110010101101100010
11111111111111010001101111010110
11111111111111000001111011010010
11111111111111111011100110000000
00000000000000010011110001011010
11111111111110110100011001110010
11111111111111011010110010110110
00000000000000001100100000011101
11111111111110001010011111111010
11111111111111010110100111101110
11111111111111101011111110101011
00000000000000100010101001100000
00000000000000100001000011110001
11111111111111111101101110100111
00000000000000000101100010110000
00000000000000111010110111010110
00000000000001100101110000110011
00000000000000001001010110000010
11111111111111010000110101011011
00000000000000010100111111000001
11111111111111001011010100001000
11111111111110010100001000110001
00000000000000111010101000000110
11111111111110110101000101001011
11111111111110010000000111011110
11111111111101101000000001101001
00000000000000001100101110110110
11111111111111111011010000000110
00000000000000111000010111011100
00000000000000011100101111000010
00000000000000101001100011010001
11111111111111110110110011101010
00000000000010001010111100010110
00000000000000101101110001100001
11111111111110101111010010110000
11111111111111000001110011010010
11111111111111100001101011000001
00000000000001000110010000010000
11111111111111111111110001111111
11111111111110100111001010111100
11111111111111000100011111000010
11111111111111011011101001100100
00000000000000101111111011110011
00000000000001001100001000100101
11111111111110110101101011101101
00000000000001000011000000101110
11111111111111001001001101100000
11111111111111101111010111110011
11111111111111101101100101010011
11111111111111011000111110100001
11111111111111000001000111110110
00000000000000100001100110010101
00000000000000111101010110011110
00000000000000001110110100001000
11111111111111110111001100000000
11111111111111000000110100011001
11111111111110101000001101001100
00000000000000001010011101011000
11111111111111011101000000111000
00000000000000111001111110101001
11111111111101010111110000100001
00000000000010110101011011010000
11111111111110101001100011010100
00000000000000100111000000110010
11111111111111110100011010100110
00000000000000011011101001111000
00000000000000000000011101000001
00000000000000101101100110100001
11111111111111010000111011010011
00000000000000000101100101101100
00000000000001100100101011011101
00000000000001001100001001010111
11111111111110100110100010001011
00000000000000110011100100011101
11111111111111000010111000111100
11111111111111011101100011100110
11111111111111010010011111110100
00000000000000000001100111001001
11111111111111010110000110001111
11111111111110011011001001111111
00000000000000101101011011101111
00000000000000011110001101000111
00000000000001100101110111010010
00000000000000001111001111101001
00000000000000010000000111010001
11111111111110111011101010001001
00000000000000010011001000000010
11111111111111000001101101011011
11111111111111110111011000010000
00000000000001000111100011010010
00000000000000100010010010010110
11111111111111110001101111001110
00000000000000000101111000101001
11111111111111110001100101011011
11111111111111001100011110100000
11111111111111100101101101001110
11111111111111101101101000111010
00000000000000011110010001001111
11111111111111110001010010100011
11111111111111010011001111100001
00000000000000100000111001010101
00000000000000000010011010011101
00000000000000010101001101000111
00000000000001100011000011010000
00000000000000010001011011011101
11111111111111110101011010000001
11111111111111001101011111001100
00000000000001110010100101101001
11111111111111010010001000011110
00000000000000101010110110101111
00000000000001010010010101111010
00000000000001001101010110000000
00000000000001000110010110101001
00000000000000000101101111000111
00000000000000111100110100000111
11111111111111110010110001101001
00000000000000001101100111010011
00000000000000001100111001111011
11111111111111100010111000110110
11111111111111111010000001011111
11111111111111010011101101111000
11111111111111110010101111111100
11111111111110110000111110011000
00000000000000110000111100110010
00000000000000000100111110100010
00000000000001000111100000000011
00000000000000110010110101000110
11111111111111001000101001010011
11111111111110001101111101010110
00000000000000010011110101101001
11111111111111100001110111010000
00000000000001010100100010000101
00000000000000111111100001000000
00000000000000011000100011000001
00000000000001000011000011110001
11111111111111111110111100000111
00000000000010001101010010100011
00000000000000100001110000100010
11111111111110101011110011000101
00000000000001000110110110011001
00000000000000011110001010100110
11111111111111101010001001100000
00000000000000100000011011001100
00000000000000001000000011000011
11111111111101100000110000111110
11111111111111010000010001101111
11111111111110110111011110100001
11111111111111101001000001110100
00000000000001101110111101110100
11111111111111110000100110110100
11111111111111000110110111101010
11111111111111000010110100110111
11111111111111100111001000110110
11111111111101101100001110011010
11111111111110010011010010100011
11111111111110100110001010110100
11111111111111101110100101011111
11111111111111000110100101101101
11111111111110011011011100100101
11111111111101111111000001111111
11111111111111110111101010111100
00000000000000000010111001100000
00000000000001011111011010010110
00000000000000000101101010001110
00000000000000011010001010110111
11111111111111110111000000111110
00000000000001001001100110111100
11111111111111100110110011011001
11111111111110010010101011000001
00000000000000111100101110101000
11111111111111111100100011100101
11111111111101111101000001101100
11111111111111100111011000110111
00000000000000000100000100011101
00000000000000001101111000101100
00000000000000001010101000110010
00000000000001100001011100001010
11111111111111100101101110001110
11111111111111011110100000100001
11111111111111011000001010001100
11111111111111010000110001000000
11111111111111000111010100000011
00000000000000110010011011110011
00000000000000011011010111011010
00000000000000000110101111010011
00000000000001011010110100000000
11111111111110110111000000110000
00000000000000011001011100011010
11111111111111010011010010101101
11111111111110111110110101001001
00000000000000100010101110000110
00000000000000010001110111010000
11111111111111010100001000010000
11111111111110000111001110000001
11111111111111100111110100001110
00000000000010000100100110011011
11111111111111000010111100011100
00000000000000001011110001111001
00000000000000000010010011100011
00000000000000011001111010011101
00000000000001010100111011111010
00000000000000100110001000100100
11111111111111011110000100000001
11111111111101111100010110000101
00000000000000010001001001110101
11111111111111010111011011011111
00000000000000000110101101011110
11111111111111001011100111101110
11111111111111100001010000111110
00000000000000111111000000010001
00000000000000100011100001011101
11111111111111010001000000100100
11111111111111001011111111010000
00000000000000101000010010110010
11111111111111100010100101000001
11111111111110010011111100000001
11111111111110110000110100001111
00000000000000000000111010001010
00000000000000111010011000001001
11111111111111101101101011010010
00000000000000011011000100001110
00000000000000100110001000110100
11111111111111111110101010101101
11111111111111110100011010000110
11111111111110111010011101001000
11111111111111110001001110000001
00000000000000011110000010111001
00000000000000010100010110110001
11111111111111111011100010111011
00000000000001011110010101101001
00000000000000101011001100011011
11111111111111110011110110100101
11111111111111100011000110110011
11111111111110111100101010111001
00000000000001001110101011011010
11111111111111101011000000110101
00000000000000000110111110011011
00000000000000111101001101101000
11111111111111110100010010110001
11111111111111100100000011000110
00000000000001000000100000011110
00000000000000001101011001101101
00000000000001100111010000010011
11111111111111001000100010110100
11111111111111000100110000100001
11111111111101111100001011111010
11111111111111100011010000111110
11111111111111110001101110000000
00000000000001000001110101001000
11111111111110010101010111000111
00000000000000001010000101100110
00000000000001001111110110001001
11111111111111001111010011010110
11111111111101011001100010011111
11111111111111010101111111111110
11111111111111000100010111011110
11111111111101100000010010010111
11111111111111110000100101001100
11111111111111100000011100011000
11111111111111010000111000100001
11111111111111100000110011011011
11111111111111100011010110101011
11111111111111100100111001011010
11111111111110111011100101000110
00000000000000001110111100010011
11111111111111010111101010000000
11111111111111100100111111000010
00000000000000110110011010011000
11111111111111111111111110101000
00000000000000001101110110001000
11111111111111011011111001101110
11111111111111000010011111001010
00000000000000101100011111001100
11111111111111100011100001101110
11111111111111011000010111010110
00000000000000010100101110111111
11111111111111001110011010001111
00000000000000010100000011001011
00000000000000111000010001101101
11111111111111111011100011010101
11111111111111100000111011111110
00000000000001000011010001010100
11111111111110010000000101111101
00000000000000000010110011000110
00000000000000100000011000100000
11111111111111011111010000000010
00000000000000001000001011011111
00000000000000000011110110101010
11111111111110111110010001101010
11111111111111110100010010111010
00000000000000101100111001010100
11111111111111101010010101110111
00000000000001101101000111111011
00000000000001111110001110000110
00000000000000010000010101000110
00000000000000001000001001001001
11111111111110000101101100001011
00000000000000110010010110001111
11111111111110111111010101011110
11111111111111001111101000111101
00000000000000001010111100101000
00000000000000110100101100011100
11111111111111101110111110001000
00000000000000001111000011001010
11111111111111110100111111100000
00000000000001000011110110000011
11111111111110101101111000010110
11111111111111010011010101001101
11111111111111000010100110111011
00000000000000100001010100110111
00000000000001000100111010101001
11111111111111111010010110011001
11111111111111011001110011001111
11111111111111110011011011110011
00000000000001101100111110111100
00000000000000001001001011110001
00000000000000101011000000101001
00000000000000111110100011110011
11111111111101110100001101000001
11111111111111111010010001010100
11111111111111101100101100000101
00000000000000011010110000001110
11111111111110010010000111010111
11111111111110010101110010110101
00000000000000000010011010111010
11111111111111011011011101001110
00000000000000010001001001010011
11111111111110010111111100101010
11111111111111001011100110101101
00000000000000101101110001001100
00000000000000000111110100101001
00000000000000100000000001111011
00000000000001100001001101111101
11111111111111111010011001011010
00000000000001010101111000110011
