1111111000001001
1111111101100110
1111110100111001
1111111111001000
0000001000110010
0000000101000111
1111110111010111
1111111011000110
1111111000111011
0000000101111110
0000001110100110
1111111100001000
0000001000110101
1111111111000100
1111111010100001
0000000001011010
1111111111000001
1111110001110111
1111111101101011
1111111010001111
1111111001110111
0000001010100100
0000000011010010
1111111101100000
0000000100101111
1111110101011000
0000000101001001
0000000011000000
0000000000111010
0000001001010011
0000000000110100
1111111001000101
1111110111110011
0000000001101001
1111111010011011
1111111100100010
1111110110111001
0000000010111010
1111111111111010
1111111101010110
1111111111001111
0000001110101111
1111111111110100
1111110110110010
0000000010100111
0000000010101001
1111110010100100
1111110010101110
1111111000011100
0000000110100000
0000011010011001
1111110011011101
1111110011111000
0000001010101010
0000000001101100
0000000000011001
1111111001000111
1111111001010010
0000000000000000
1111111001001100
1111111110001000
1111111011001101
0000000111011010
0000000101001011
0000000001101011
1111111101100110
1111111100100111
0000000001111100
0000000100000100
0000000100010001
0000001111001010
0000000101010111
1111111111110000
0000000010110111
1111111011011100
0000000111000100
1111111111110011
1111101110000100
0000001000110010
1111111111011000
0000000100011011
1111111000000100
0000000110010110
1111111101001100
1111110001010111
0000000101011110
0000000111011100
0000000010111101
1111111000110101
1111111111000101
1111111100001101
0000001010111010
0000001001000101
0000000100101110
1111110110111000
0000000001011111
1111111101011100
1111110111011001
1111101100011010
1111111000101010
0000001001000010
1111111100111110
1111111111101000
1111111100101000
1111111111110011
0000000000001011
1111111101000111
0000000011011011
0000000010001110
0000001101110001
0000000001000000
0000000100010111
1111111001010001
0000000110111100
1111110110111110
1111111011101001
0000000101001011
0000000111001101
0000000001110110
0000000011001001
1111111000010110
1111110101101111
0000000001001111
1111111110000100
0000001011000010
0000001000011000
0000010000111110
1111111100101100
1111111100011001
1111111010010110
1111110011100100
0000001000010100
1111111111101010
0000010001100111
0000010010101001
1111111100101011
0000001001000110
0000001000101110
1111111011111001
0000000111011111
0000000100110111
1111111001010000
0000000011110000
1111111111010010
0000000010001111
1111111100111110
1111111000001111
0000000111100001
1111111101101000
0000000010111000
0000001000000111
1111111000111111
0000000100111100
0000001100001100
0000000111100001
0000000010101100
0000000000000001
0000000111000100
0000001100110001
0000000010101000
0000001001111000
0000000000101100
0000000011110111
1111111011000011
1111111111000000
1111110011010011
1111110111000110
1111111110110011
0000000001111010
0000000001011100
1111111111000000
1111111000101100
0000000001000000
0000001100110110
0000001100110000
1111111110001001
1111111100110110
0000000001000101
1111111011101011
0000001011100001
0000000001101100
1111110110010000
1111110001101110
0000000000000110
1111110110111110
0000000000011001
1111111110001100
0000000111100111
0000000011100011
0000000100100111
0000000100001010
1111111011100110
0000000111000000
0000000001011000
1111110000001010
0000000000100000
1111111110100111
0000000101000100
0000000010010010
1111111100100010
0000000001011111
0000001001100011
1111111000100001
1111111011111010
1111110000011001
0000000001100000
0000000100001100
1111111001010100
1111111111111101
1111111111001110
1111111011000010
0000000100000000
0000000000100010
1111110110000000
1111110010011001
0000000101110110
0000000011101111
1111111010000000
0000001100010001
1111110100111100
0000000001000100
1111111110110110
0000000111100111
0000000101101010
0000000111001100
1111110011010100
1111110110101000
1111111111100111
0000000101011110
1111101111110000
0000001101111101
0000000111001001
0000001000000001
0000000010011110
1111111111111010
1111111011111001
0000000100111100
1111110011101111
1111111100010011
0000000001010000
0000000010010110
0000000100011110
1111111011110011
0000000001100010
1111110000110111
0000000100001110
0000001110011101
0000000011011101
1111111001111100
1111111110100111
0000010101101011
0000000101010111
0000000110001100
1111111011001100
1111111101000100
0000000000111011
1111110111101010
1111111111111001
0000000011000000
1111111111000000
0000000101010111
0000010000100011
0000001101000100
0000000000010010
1111111010001010
0000000101101001
0000000010001101
0000000101111001
1111111100101001
0000000101101101
0000001010101000
1111111001011100
0000001011101011
1111111100000101
1111111011101011
1111111110000110
0000000011100000
1111111000100101
0000000101011101
0000000000000110
1111111110000110
0000000100111100
0000010001101010
1111110111001100
0000001001011000
1111111011011110
1111111011101111
1111111001111001
1111110111111110
0000001001100111
0000000011000100
0000000001110000
1111111001111011
1111110101101000
1111111111000011
0000000000110111
1111111100010000
1111111111000110
1111111011111100
1111111101101011
0000001100100001
0000000001111111
1111111000011001
0000000010001011
0000000111110001
1111111111110001
1111110111010111
0000000000000000
0000000101101110
1111111011111010
1111111001111100
1111111100001011
1111111000010000
0000001111111010
0000001001010000
0000000101101110
1111111001111111
1111111001100000
0000000010011100
0000000000010011
0000000001100001
1111111001000000
1111110111000000
1111111001101111
1111111001100100
0000001100110110
0000000100111110
1111111111001101
1111110100011010
0000000110110011
1111111100010011
1111111101101011
0000000011101101
0000001001011111
1111110100111100
0000000010001001
1111111000000111
1111111010001100
0000001000011001
1111111101000001
0000000110101101
1111101110010101
0000000001100100
1111111011101111
0000000010101001
1111111101110100
0000000100001000
1111110110011010
1111111010111100
0000000000101000
1111111010010010
1111111010101010
0000000111000001
1111110100110110
0000000001110011
0000000011101001
1111111111010111
0000000011110110
1111111101011001
1111110000011111
1111111100101010
1111111000110100
1111111010011011
0000000000111100
1111110100101010
0000001001111010
0000000001110000
1111111110100110
1111110110001110
0000001000010001
1111111111011110
1111110111001010
0000000000101001
1111110010000001
0000000111000000
0000000101000110
0000001000000010
1111111100010110
1111111000110110
1111111101000011
1111110101000110
0000000011101101
1111111111101010
0000001111011010
1111111111011101
0000000011011000
1111111101011011
1111111101110101
0000001000010101
1111111010100110
0000001000010111
0000000010111000
0000001111011101
1111111110011101
0000001011010011
0000000010100100
1111110110011101
0000000010010011
0000000111001111
1111111111011000
1111111011000101
1111111101100000
0000000000001100
1111110011100000
0000001010010101
0000000010001010
1111111101100100
1111111011110011
1111110010011011
1111111011110110
0000001100101000
0000001100111100
1111111101010000
0000000100010010
0000000000000001
1111111110111001
1111111110010010
1111111110101010
0000010000000010
0000000001110000
0000000101111001
0000000100111010
0000000101001101
0000000000111110
1111110100101111
1111111011110101
1111111010001110
0000000100001110
0000000100011110
1111110101110000
1111111111011011
0000001010110001
0000001000111101
1111111010000111
1111111001010010
0000001100110100
1111110110111000
0000000111101011
0000001000110110
0000000011100100
0000001010100111
1111111001011000
0000000111010100
0000000010110011
0000000100100100
0000000011011010
0000001111001010
0000001100011100
0000000100011111
0000001011011010
1111110111111011
0000000001110001
0000001010001011
0000001111000100
1111111100011110
0000000101011110
0000000010101100
1111111111101001
1111111101100100
1111111001010011
1111110111011111
0000001010011110
0000001000100010
1111110100110101
1111111101100011
1111110101110101
1111111011010110
1111111100100011
1111111001111000
1111110011110100
1111111110101111
0000001101100111
1111111100100000
0000000010111011
0000000000100101
0000010000001101
1111111100110100
0000000000011011
0000000010110111
1111111110001001
0000000110110100
0000001001011000
1111110110101000
0000000011001000
0000001010010000
0000001000010111
1111111100000000
0000000101001110
0000000001100110
1111110111000010
1111111111101101
1111111001100110
0000000000111001
0000000101011001
0000000000110111
1111110010100001
0000001001101101
0000001000111110
0000000100010001
0000001101100000
1111110010110110
1111110100011011
1111111111100010
0000000000011100
0000001110000111
0000001000000010
1111111011000111
0000001101011001
1111111101000010
1111110101001001
0000000000100110
1111111111110001
1111110011011101
0000000001111000
0000000111101011
0000000011101111
1111111110100111
1111111110001010
0000000100000100
1111111010101101
0000000111001011
1111110111000001
1111111010011111
0000001100100000
0000001001010010
0000000111011110
0000000011110011
1111110101011001
0000000000010101
1111110111010001
1111111101010010
1111110111101011
0000000011110111
0000000100110000
0000000101101111
0000000010011100
1111110110101000
0000001101100010
1111110110011111
0000000010110001
0000000101101001
0000000100000011
0000000010010001
0000000110010101
0000000101101010
1111111000111000
0000000001101011
0000001010110000
0000000001001110
1111110110000000
0000001000010001
0000001100110001
1111110111001100
0000000100110101
0000000001110011
1111101101010100
0000000000001001
1111111011001011
0000000111101111
1111111101100001
0000001001101101
0000000101000000
0000000000001010
0000000010011101
0000000110100110
0000000011101111
0000000011101011
1111111110001011
1111111001101100
0000001010010011
0000001100100000
0000000100101100
1111111101001111
0000000010111100
1111110000010111
0000000011110011
1111111100000111
0000001100100010
1111111110000001
1111111000100110
1111111011101010
1111110101110111
0000001000011011
0000000001001111
1111111110111010
1111111111100101
1111111011011001
1111111001111011
1111111100000110
1111111111001001
0000000000111011
0000000011110100
0000000011110001
0000000011100001
0000001000100100
0000000111010100
1111110011000000
1111111010100011
0000001010011001
0000000000111010
1111111001011010
1111111101010001
1111111101111000
1111110110011000
1111111100011101
0000000100100000
0000000100000000
0000001011001011
1111111100011110
1111111010100011
1111110011000010
0000000101000101
1111101110011111
1111111011110011
0000000011111001
1111110110100110
0000001000001000
1111111111111101
1111111100001011
0000000110101001
0000000101000101
1111111001001111
0000000101110111
1111111001111010
1111111110001011
0000000111110001
0000000000010110
1111110011010000
1111111100011111
1111111001111100
0000000101111011
0000000001101011
0000000111101011
1111111111000100
0000000000111111
0000000000011100
0000000001000101
0000000001101000
0000000101011001
0000000111011100
1111111111011001
0000001010000010
0000000011010001
1111111100100100
0000000000110011
0000000111111110
0000000001100111
1111111000111011
1111110111110010
1111111100001101
1111111011011001
0000000011100010
0000000011001111
0000001000011101
0000001011101111
0000000101100110
0000000110110111
1111110110110000
0000000010001000
0000010001100010
0000000001010000
0000000010110010
0000000110011101
1111111000010011
0000000010111000
1111110010011100
1111111110001010
1111110111011100
1111101111011111
0000001010100111
0000001000000111
0000000001101100
1111111011000110
0000001001111101
0000000111110010
0000010101010010
0000000010111000
0000000001010100
1111111010101100
0000001100111110
0000000101101111
1111110100101001
0000000011010101
1111110001000101
1111110111011111
1111111011111111
0000000000100010
0000001010101111
0000000001110010
0000000101011101
1111110101111010
1111111111110100
0000000111111000
1111111011111111
0000000110100001
0000000000111010
0000000100101111
1111111011011011
1111110001101100
0000001101111111
0000000001101100
1111111101000000
0000001001000000
1111110111001001
0000000100111001
0000000110011110
0000000000111111
1111111111110100
0000000010110010
1111111000000000
0000000101111011
1111111111010001
0000000101000000
0000000010000011
1111110010011100
1111111111101000
0000000100011110
1111111000100001
1111110010110101
1111111000011110
0000000010100110
1111111101100110
1111111101010001
1111111000100001
1111110111111111
1111111110000100
0000001100011101
1111110011100011
1111110001011100
1111111010011010
1111111111000100
0000001111110110
0000000010000111
0000000000000010
0000000010110001
1111111010000110
0000000011000110
1111110011101100
1111111010000000
1111110111110011
0000000010111110
0000000000001100
0000000001110100
1111110000111010
0000000010000100
0000000100001010
1111110101111010
1111101100111110
1111111101011110
0000001101110010
1111111010101000
0000001111001101
0000001011011001
1111111000111100
0000000110001100
0000001111101110
1111111010011011
0000000010001100
1111110110000101
0000000111100000
0000000100110011
1111110011111110
0000001111010000
1111111011001111
0000011000111101
1111111111110000
0000000011111110
1111110111001110
0000001000001101
0000000110001011
0000000111110001
1111111101010011
1111111110011010
1111111001011001
1111111011001000
0000001111000100
1111111001100111
1111101110001011
0000001111010110
1111110111001101
1111111110001011
0000000011110100
0000000011101011
0000010000001000
0000000000101111
1111111110000111
0000001011001101
0000000000001001
0000001110011101
1111111100111111
0000000100010011
0000000000010111
0000000000001101
1111111001001000
1111111111111100
1111111011100101
0000000011010100
1111110011011010
0000001011100000
1111111100011011
1111111111000001
0000000010100001
0000001000010001
1111111101010100
0000000011111001
1111111010010000
0000000111011110
0000001000010010
1111111110011001
1111110101111110
0000000100101101
1111111010100000
0000000000111101
0000000111011100
1111111111000101
1111111111111000
1111111111111001
1111111111110100
1111111011100000
0000000011101000
0000000000001011
0000000000100010
0000001010101000
0000000000110001
0000000001011011
1111111110011000
1111111100011001
0000000111011010
1111111000101111
1111111111010111
1111111000000011
0000000111001010
0000001000100001
0000000011101001
1111110000010100
0000001101110000
1111111110110101
1111111110010010
1111111101101001
0000000111100110
0000001100100001
1111110111100010
0000001101100011
1111111001000100
0000001001110011
0000001001001110
1111111010010110
1111111111011110
0000001110111010
1111111001010000
1111111010010101
0000000010111110
1111111111100001
1111111001010011
0000000111010111
0000001010000010
0000000111111100
1111111010010101
1111111010001010
1111111010001111
0000000100011000
0000000000101111
0000000100100110
0000000100010110
0000001100010000
1111111110011100
0000000100001110
0000001011100011
0000000010110111
1111110110011001
1111110111000000
0000001001000011
1111111101110101
0000001100011001
1111111110100101
1111111010110100
1111101100001001
1111111011000101
0000000010000101
1111111100111000
1111111011010000
0000000010000000
0000001000001011
1111110011111010
0000000010000000
1111111111010011
0000000111000000
1111111101011010
1111111100000100
1111111010010000
0000001000100011
1111111110010011
0000000001111100
0000001100101101
0000000100100010
1111111001111010
0000000010001100
1111110011001010
1111111010011001
0000001111011101
0000000001010010
0000000001001000
1111111101011110
0000000101110101
0000000010011110
1111111001010100
1111111110110001
0000001001001101
1111111010100011
0000000011001001
0000000000011010
1111111111011100
0000001101100001
0000001000011001
1111111110110111
1111110010100001
0000000101001010
0000000001100111
0000000010001000
0000010001001100
0000001010100011
0000000001001011
0000000011001010
0000000111100010
1111110110011101
0000000110011011
1111111011000010
1111101111110100
1111110111111001
0000000100100011
0000000100100010
0000001000111101
0000000101101010
1111111010110010
0000000000000001
1111110011100001
1111111110101111
0000000010100100
0000000001100110
1111111111101010
0000000010001110
1111111111000100
1111111101010000
0000000110101110
0000000011100001
1111111100001011
1111101101111001
0000000001101001
0000000101001011
1111101101000001
0000000001101010
1111111110111001
1111111011111100
0000000000111000
1111111010001000
1111111011100100
1111111100000100
0000000001110010
0000000111110000
0000000111001011
0000000001011010
1111110110100110
1111111011111101
0000000001110110
0000000101100000
0000001101011100
0000000001111000
1111111110111000
1111111011100001
0000001000010101
1111111100010000
0000000110101011
0000000011101110
1111110001111101
0000000000110001
1111111111100101
0000000110111111
0000000001101111
0000000001001000
1111111100110010
0000001001010001
1111111010111100
1111111001011101
1111111010110101
0000001000001101
1111111110111001
1111110010010011
1111101101100101
1111111111101110
0000000100100111
1111110101010011
1111111010000011
1111111011010110
1111111000000001
1111110110110001
1111111001001100
1111111111100110
0000001001100011
0000000000100111
0000000011100010
0000000001001001
0000000101100001
1111111110010010
1111110111100101
1111111101001000
1111111101100110
1111111010011011
0000010001101010
1111111100111001
1111110111001010
0000000110011011
1111111101100011
1111110100100101
0000001100101000
0000001010000000
1111111110011111
0000000110110111
1111111100101011
1111111010110110
1111101110001011
0000000111000111
0000000101101110
1111111010011110
1111111011011100
1111110001111000
1111111101101011
0000000011000011
0000000110100000
0000001000110010
0000000101101111
1111110110100100
1111111001111011
0000000111001100
1111110011000001
0000000100101010
1111111101001011
0000001000110101
0000000100101100
1111101011111011
0000001000001101
1111111011011111
0000000010101001
1111110110111001
0000000100101001
1111110100010110
0000001010100010
1111110111101101
0000000001000011
1111101111111111
1111110101011011
0000000010001101
1111111000001111
0000010001000111
0000000100110110
1111111100010110
0000000000000111
0000001101110100
0000000011011000
0000000100101010
0000000000101100
1111111100100011
0000001101000001
0000001100000111
1111111100111001
1111111111011011
0000001011100110
0000001011101111
0000001011010101
0000000100001100
0000001001001000
1111111101110011
0000000100111010
0000000111111010
0000000100111110
0000001110001000
0000000010111011
1111110110101110
0000000110000000
1111111110001001
0000000101111000
0000000011011000
0000000011101011
1111111110010100
0000001110000010
1111111000000000
0000001001111010
0000010110010100
0000001001110100
0000000101111001
1111110100100000
0000000000110110
1111110010001010
1111111000001000
0000001011101110
1111111110101110
0000000000100111
1111111001011100
0000000011100110
1111111011100111
0000000010001110
0000000001010100
0000000010011110
1111111011100000
0000000111111000
0000001000010001
1111111100001010
0000000010010111
0000000111111000
1111111111001010
1111110111001011
1111111111000010
1111110101010101
0000001000100110
1111111000000100
1111111010101111
1111111001100001
1111111011011100
0000000000011001
1111110101111001
1111111011011111
0000000101101001
1111111010011010
0000000000101010
0000000100000001
0000000101111111
0000001111011111
1111111111010101
1111111011110000
0000000110101001
1111111110001101
0000000001010111
1111111011011110
0000001000000011
1111111000001000
0000000011101000
1111111010110001
0000000010001001
1111110100011110
1111111101001100
1111111101111111
1111111011010111
1111110101100111
0000010000010111
0000000000111001
0000000001010110
1111111010010101
0000000000011010
0000000100010000
0000001011111010
0000000001000000
1111111100000011
1111110101010111
1111111111101000
0000000111000111
1111110110101100
0000000001000010
0000001100001110
0000000000000111
1111110110001100
0000000001000010
0000001010010110
1111110111110010
0000000100011011
0000000011000101
1111111110111100
0000001000000000
0000001110100110
0000001010011011
0000000000011101
1111111110011011
0000000111001101
0000000001101101
1111111100001000
1111111111000001
1111110110111100
0000000011100000
0000011011001000
1111111101010111
0000000110100111
0000001000101101
0000000100101101
1111111101111011
0000000100011001
1111111110110110
1111111100101110
0000000010110010
0000000100101010
0000001001101001
1111110111110011
0000000100010001
0000000100010011
0000000101000111
0000000101001101
0000000100010100
1111111100111101
0000000111010110
0000000001100010
1111111001010111
1111111101011010
0000000111111001
1111110110010000
0000000001000010
1111111111101011
0000000100010001
1111110101100000
0000000011010001
0000000001000011
1111111000110011
0000001100101011
1111111100110011
1111111101001000
1111110111110100
0000001001001011
1111110111000010
1111111101010010
0000010011110010
1111111101110010
0000000011000100
1111111111010110
0000001000000110
1111111001111011
1111111000000111
1111111111011101
0000000011111111
1111110101111101
1111111101100000
0000000011000011
1111111100000101
0000000101001101
1111111101100000
0000001010110000
0000001011010111
0000001000100111
0000000100011100
0000001011011010
1111110010000000
0000000011111011
1111111001111011
0000000100010100
0000000100000001
0000000010011000
0000011110000001
1111110101111000
0000000000100111
0000000010010110
0000001010010000
0000000100100010
0000000101010000
1111110110010100
0000000100010001
1111111111100100
0000001000111001
0000000101000010
1111111010011100
0000000001100010
0000000001001011
0000010001000110
0000001111101111
0000001010011100
1111111111011001
0000000101111001
0000000000101100
1111111001100011
1111111100110011
0000001011110010
1111111100101010
0000000010100000
1111111111100010
0000000000111111
0000000011110111
0000000001000101
0000000100000100
1111111011100010
0000000111111110
0000001011111101
1111110110110110
0000000000110001
0000000001110011
0000000000110000
1111111010001000
0000000100010100
1111111101011000
1111111101001101
0000000110110110
1111111110111101
1111110001110000
0000000001110000
0000000101010110
0000000000110111
0000000111110111
1111111100001101
0000000100010101
1111111001100110
0000000111001111
1111110101011101
0000000001000010
1111101110100100
1111111110111101
0000001011110011
1111110010101100
1111111110010101
0000000011010001
1111110111110000
1111111111111100
0000001100011111
0000000011110000
0000000000010000
1111111001011001
0000000110011001
1111111001101001
1111111011011110
0000000011001000
1111101101111110
1111111101110000
1111110100101110
0000000011011100
0000001110111100
1111111011101011
0000000001000001
0000000011110010
0000001000110110
1111111111010000
0000000111111111
0000001010000000
0000001011010100
1111111101101111
1111111000010110
0000000101110101
1111111000101001
1111110000100101
1111111001010010
1111110011101000
0000000011000010
1111111110010001
0000000111111000
0000010001101000
0000001011100100
1111111100010110
1111111110111000
0000000011000011
0000000010010111
1111110111000101
1111111010100001
1111110100111110
1111111101111111
0000000000100111
1111110111101101
0000000111101111
1111111001110000
1111110101100011
1111111101010100
1111111111010110
1111110110100100
0000000010110101
1111111000000101
0000000010000010
0000001011010101
1111111001111100
1111111011101111
1111111111010110
1111111001000101
0000000001101101
0000000101101111
0000001000000101
0000001010001111
0000001010010101
0000001101010011
0000000001101010
0000001000011001
0000001010010110
1111111101100011
1111111011000101
1111111111000100
0000000111100111
0000000011010100
1111111001001000
0000000000011110
0000001001110110
0000000100110100
0000000000110110
1111110111001010
0000000000111100
0000001000001011
0000000000101100
1111111000110101
0000001000111100
0000000101000110
1111110110101101
0000000000100010
0000000101010110
0000000010001110
0000000010100010
0000001001100000
0000000111001101
1111111100111001
0000001010100111
1111111101100000
1111111100101011
1111111100110011
0000000000010000
0000000011100111
0000010000001011
1111111100011001
0000000011001010
0000010000001011
1111111001000110
1111111011011010
0000000101010110
1111111011110010
0000000000110100
0000010000101110
1111111100100001
0000000110011101
0000010011011011
0000000101110101
1111110011000000
1111110110001000
1111110110101111
0000000010011110
1111110111110100
1111110010011010
0000001011111111
1111111101101001
1111111100110001
1111111011010100
1111110000111010
1111111110011000
1111111101011011
1111111100100110
1111111110111010
0000000010111011
0000000100100001
1111111001101100
0000001001100110
0000000011111010
0000000000011110
0000000110001000
1111111010000101
1111111010010110
1111110011010011
1111111000001101
0000000101100111
1111111011111100
0000000111101011
0000000110001100
1111110100011111
1111111000100101
1111110010110001
0000000010110001
0000000010011000
0000000000001110
1111111101110000
0000010000001100
0000001011000000
1111111111101100
0000000011101001
0000010001010110
0000000110001011
1111111010110101
1111111100111001
0000001001010000
1111110010000011
1111111100110011
1111110101100011
1111101111101001
0000000110010000
1111111100011011
0000001000011111
1111101011110011
1111111001100010
0000000011011110
1111111000111011
1111111110101000
0000010101000101
0000000100011100
1111111101100110
1111111000100111
1111110101010010
0000001001000101
0000000110010110
1111110111010101
0000000000011101
0000001000010010
1111111101001111
0000000001000101
1111111100111111
0000000101011000
0000000101001111
0000000110000111
1111111000001100
1111111001000001
1111111011000101
0000000100000011
0000000011011010
0000001001110101
0000000101000011
1111101101100011
0000000011111110
0000000001001001
1111111111100100
0000001001001110
1111111010100000
0000000100001011
1111111111011111
0000010001000111
1111111110001001
0000000100001110
1111110000100100
1111110001010001
0000000101111011
1111111110110000
0000001000011000
0000000000001111
1111111001011001
1111111010101011
1111111001010101
1111111010010111
1111111110001101
1111101110111011
1111111011011100
1111110111011010
1111110111011011
1111111101000011
0000000110001011
1111111011101101
1111110110011101
1111111111010101
0000000001001100
0000001010011101
0000000011100111
0000000011101110
0000000111001011
0000001001100010
0000001011101001
0000000101011110
0000000110101011
1111111100010001
1111111001101010
1111111100110101
0000000101010000
0000001100010100
0000000011101000
1111110100111010
0000000111110011
1111111000000011
0000001111110011
0000000101110111
1111111010011110
1111111111110001
0000001010111100
1111110100010111
0000000101110110
1111111011011000
1111111100101111
1111111101101010
1111101010001101
0000001000000000
1111111010011001
0000001011001101
1111110111110011
0000000101110001
0000000010111010
1111111000100110
0000010000001100
1111111010001110
0000000100110110
1111111010001111
0000000101110011
0000001010100110
0000000111110001
0000001000011011
0000001001110001
0000000111100011
1111110010000101
1111101111101101
0000001000101011
0000000000100011
0000000001100000
1111111001000000
1111101110101100
1111111011111001
0000000000000111
1111111111111011
1111110110110100
1111111001010101
1111111010010100
1111111011000001
1111111011100010
0000001011110110
0000000001011001
1111111011010000
1111111101100011
0000000011001001
0000000001101010
0000000001100110
0000000100010011
1111110111111011
0000000010110000
1111111100011111
1111111110010101
0000000011111000
1111111001000111
0000000000110101
0000000101101001
1111111110011011
1111111100110011
1111111000110001
1111111111100000
1111111101010100
0000000010100101
0000000011000001
1111111010010000
1111110011111001
1111111010001100
1111111111001101
0000001010011011
0000000101000101
1111110101010100
1111110011110100
1111111111000001
1111111011111001
0000001000110001
1111111100110111
0000000001110100
1111111110111101
0000000001100100
0000000001101101
1111110111101011
1111111101000101
1111111011011001
1111111100010100
0000001100010111
1111111100001100
1111111011001111
1111101100100100
0000001000000110
0000001001001100
1111110101100000
0000000000011110
1111111100110000
0000001011000000
1111111011010011
1111111001011010
0000001001100010
1111111110011011
1111111100110100
0000001000011010
0000000000010011
1111111111001010
0000000010100001
1111111110110101
1111111100100011
1111110100111010
1111111101010010
1111110100110111
1111110100111101
1111111110000100
0000001011001100
0000000110111101
0000000010101111
0000000011010011
0000000011110001
0000000011101101
1111110100100000
0000001001110101
0000000111001100
1111111000101011
1111110101010111
0000000100111100
1111110110010010
1111111100010101
0000000111000101
1111111111111101
0000000000001101
0000000011010100
0000000001100010
1111111001001000
0000000101010011
0000001111011000
1111111111011100
1111110111011101
0000000001010110
1111110001100110
0000000000000011
0000010010101101
1111110010100001
0000000001100011
0000000110100010
1111111101111001
0000000100010110
1111110011111110
1111110101011100
0000000011101011
0000000010111010
0000000101100001
0000001111001011
1111111010000011
0000001001001100
1111111011000110
0000000000100111
1111110100101101
1111111010001010
1111111111011101
1111110110110011
0000000001100011
1111101011010011
0000000010111101
0000000010110011
0000000111101101
0000000011010000
1111110100010111
0000000000110001
1111111101111010
0000000010000001
0000000100101010
1111111111100010
0000000101011100
1111111100011110
0000000100000111
0000000110000011
0000001100001101
0000000001011010
0000000101111101
1111111100100000
1111111001110001
1111111110111101
0000000100010000
1111111110100101
0000000010010100
1111111001110000
1111111011110111
0000000110100101
1111111111101101
1111111110011110
0000000101110011
1111110110100111
0000000110001100
0000000001100000
1111111010111110
0000000110101101
0000000000101001
0000000101001100
1111110111010001
0000001110000000
1111111011100001
1111101110100110
0000000000110111
1111101100111011
0000000010000010
0000010011110010
1111111010101101
0000001100101001
1111111100111000
1111110111010100
1111111111000110
1111111000011010
1111110010000010
1111110001110101
1111111000111001
1111111111010011
1111111110111111
0000000001100001
1111110111111001
1111110101101001
0000000011001011
0000000001010000
1111111111111110
1111110100011001
0000000111000001
1111111100000001
1111110111111100
1111111011110010
1111111100101000
0000000011000011
1111111100110110
0000001011010100
0000000111101010
1111110110111001
1111111000110110
1111111110100110
0000001011001111
1111101010110111
0000000010111000
0000001001101110
0000010000100010
1111110101001011
1111111011101101
0000000111101001
0000001000101011
0000000110101111
0000000000010000
0000000110111111
1111111111110000
1111111001111001
0000000010101001
1111110100110111
0000000010010000
1111111100100000
1111111001000001
0000000110110101
0000010000111011
1111111101110110
0000001110101100
0000000111011110
0000001110101001
0000000010010000
1111111111010101
0000001010000010
0000000011000010
0000000000101110
0000001001001010
1111111101000111
0000001000001010
0000000100110001
1111111000011010
1111111111110101
1111110011010011
1111111000101100
1111101111111110
0000000000111101
1111110010111010
1111110011010001
1111111011101010
0000001001111110
0000000000000100
1111110110001001
1111111011010110
0000000101000101
0000000000110010
0000000010100010
1111111011010110
1111111110011111
0000000100011110
0000001101111001
1111111101100100
1111111111111000
1111111100110100
1111111010001100
0000000101100000
0000000010011101
0000001101001001
0000001000001111
1111111110101111
0000000010110101
0000000101101110
1111111010101101
0000000101111011
1111111101100111
0000000001100000
1111111111111110
1111111100110000
0000000000011110
0000000111001011
1111111100100100
1111110010110101
1111111110011011
0000000111101001
0000001100100100
1111111110100100
0000001110001010
0000000100111000
1111111100111101
0000001001001001
1111111011010001
0000000110010001
0000000000110100
1111111010001111
1111101100111101
1111111010110100
0000001010101100
0000000011110000
1111111110110010
1111111011000011
1111110101011010
1111110111101100
1111111000101011
1111111111100110
1111111000101111
1111111101011101
1111111011001101
1111111100011100
1111111011011111
1111111011111001
0000000100101010
0000001010000010
1111111011111110
0000000111011001
1111111100011101
1111111011010110
1111111010010000
1111111011111010
0000000001011000
0000000000111010
1111111100100111
0000000000111010
1111111110101011
0000000000110100
1111111101000011
0000000110100000
1111111011101011
0000000101111010
1111111100111101
0000000111000111
1111111100100100
1111110011001111
0000001001001110
1111111101100110
0000001011100000
0000001000000111
1111111111100001
0000000011000011
1111111011101000
1111111000111111
1111110110101100
1111111011010011
1111111100101101
0000000001010101
1111111100001001
0000001100111011
1111111101010111
1111111100110100
0000001110111010
1111111101011001
0000001111110101
0000000100000010
1111111101101101
0000001001111001
0000001110001010
1111111000101011
1111111010000111
0000001100000001
0000000100110001
0000001011010001
0000010010011100
0000000111000110
0000000100110000
1111111010110100
1111111100000110
0000000110011000
1111111010110111
0000000100000101
0000001010111110
0000000001111011
1111110111100111
0000000111001000
0000000001001010
1111101110000011
0000001111010101
0000001001010000
0000000111001010
0000010010110100
1111110010100111
0000000001010111
1111111111001001
0000000011100110
0000001000110110
1111110110001110
1111110111010111
0000000001100100
0000000100010011
1111111010000101
1111110001100100
0000000010110110
0000010000000110
1111110111110110
0000000000011101
0000000010000110
0000001111010111
0000001010110011
1111111111011110
1111110011101101
1111111000001001
1111111010010001
1111110010010010
0000001010111111
1111111110100101
0000000100010010
1111111010111110
0000000001000100
1111110100010110
0000001100010110
1111111110100100
1111111000001011
1111111111000010
1111111111000000
1111101101011110
1111110110100110
0000001001000110
1111111010110100
1111111110111110
1111110101011001
0000000001100011
0000001101010000
1111111100011111
0000000011100110
1111111100100001
0000000111011010
1111111110111101
0000001001011011
1111110000001101
