11111111111111111111101011110111
11111111111111111010000101110100
11111111111111111000110010110110
00000000000000000111011101011000
00000000000000000110100011111110
11111111111111111101110001110101
00000000000000000110101001111101
11111111111111110111011111010000
11111111111111111010000001001111
11111111111111111110101011110011
00000000000000000011100011001110
11111111111111110111001100110101
11111111111111111010000110101001
00000000000000000001110011100100
00000000000000001011011000100110
11111111111111111111001110001111
11111111111111110001101010101000
11111111111111111011100101010101
11111111111111111011100110010111
11111111111111111001011010000110
11111111111111111011000010010101
00000000000000000001000010010000
00000000000000000000111100101100
00000000000000000110100000100100
00000000000000000000000010101011
11111111111111111110100001001000
00000000000000000111010000011111
11111111111111110100010110100011
00000000000000000000110011010000
00000000000000000011000101000100
00000000000000001001001001000111
00000000000000000010111111011100
00000000000000001001011101000001
00000000000000000010001011011110
00000000000000000000010001110111
11111111111111111111000111100110
00000000000000000000101011000010
00000000000000000001011010110000
00000000000000000111111011001010
11111111111111101111010101000100
11111111111111111111000101100010
00000000000000000111010010111111
00000000000000000111111000001000
00000000000000000101101101110011
11111111111111111011100010000101
00000000000000000011100101001001
11111111111111111111110101100001
00000000000000000101011011010001
00000000000000000010011010001001
00000000000000000110011110011101
00000000000000000000110011100100
00000000000000000100001010100111
11111111111111110111000101010000
11111111111111110111100111111111
00000000000000001000000110010111
11111111111111111100011001101010
00000000000000001010001111110001
00000000000000000011010011010000
11111111111111111110111100001101
11111111111111110110100110101101
00000000000000000110011110110101
11111111111111111110110100011101
00000000000000001001001011101000
00000000000000000110100001101111
00000000000000000100000110001110
00000000000000000011011011011001
11111111111111111010101000101111
00000000000000001010001111000101
00000000000000001110111111011111
00000000000000000110100110010111
00000000000000001000001010111100
00000000000000010000001101001100
00000000000000001110001001100010
11111111111111111110000111001101
11111111111111111111000001101001
00000000000000000111001111001111
11111111111111111001111111000100
11111111111111111011010010011001
11111111111111110000001111010101
11111111111111111011011111011110
11111111111111111111010100111101
00000000000000000000100110000001
11111111111111111110100011101100
11111111111111111000101100110001
00000000000000001011000101101011
11111111111111110110111110000001
11111111111111110010011111001111
11111111111111111101011001101000
11111111111111110011111000000110
00000000000000000101100001011110
11111111111111111100001100010100
00000000000000000011001111101111
11111111111111110100010011010001
00000000000000000011110101011111
00000000000000001011001100110111
11111111111111111110010000000011
11111111111111110110001101000000
00000000000000000011011111001001
11111111111111111111111010100010
11111111111111110010001101010110
00000000000000000110101101000011
11111111111111111000000011110110
11111111111111111100111011100100
11111111111111111101011110100011
00000000000000001110010101010010
00000000000000000010111010010100
00000000000000000110110010010000
00000000000000000010111011011101
00000000000000000010001111111100
11111111111111110101100001010101
11111111111111111111101110001011
00000000000000000000010100111101
11111111111111111111011011110101
11111111111111110000000110111101
00000000000000000010011000110101
11111111111111110100111111111011
00000000000000000111001110110100
11111111111111111100111110000111
11111111111111111011110111000101
11111111111111111111100011100110
11111111111111111100111000011101
11111111111111111111110100101001
11111111111111110100110100000111
00000000000000001011110001011111
11111111111111111110011100010100
00000000000000000010110011001110
00000000000000000111011101100100
00000000000000001010111101100101
00000000000000000110001111000011
11111111111111111100110001110010
00000000000000000111100101111011
00000000000000001000110100111000
00000000000000001000001010011010
11111111111111111100100001000011
00000000000000000100101001001110
11111111111111111011011010100110
11111111111111110111100101110100
00000000000000000010000100010111
00000000000000010100011001000011
00000000000000000000000001011100
11111111111111111001111101100100
00000000000000001100111000001111
11111111111111111010000101111001
11111111111111110100111011101010
11111111111111101110010000001010
11111111111111110100100110101000
11111111111111111011000100111000
00000000000000000101100100010000
00000000000000000110111010110100
11111111111111111101001101001000
11111111111111111011100100000110
11111111111111111010001011011000
11111111111111111111000110110001
11111111111111110111011111101011
00000000000000000010100010010101
11111111111111111010011101000100
11111111111111110111101011110010
00000000000000000001001011111111
11111111111111111011011110110110
11111111111111111111111010010011
00000000000000001001001110100110
11111111111111110010001011000000
00000000000000000110100110101000
11111111111111111100010001110001
11111111111111111011011110001110
00000000000000000101100001000101
11111111111111111101000101101010
00000000000000000101000000100000
00000000000000000110111000100000
00000000000000000000010110010010
00000000000000000101101001000000
00000000000000000101000111000011
11111111111111111110011010010100
00000000000000000111010111011010
11111111111111111001100001110011
11111111111111111000101011100101
11111111111111111001111110000001
00000000000000001110110111110101
11111111111111111101111110110001
00000000000000000111000110100111
00000000000000000001001000010011
11111111111111101011110100000000
00000000000000000101010010110101
00000000000000000001011110000111
00000000000000001101101001001010
00000000000000010000010110110100
00000000000000000000110010000000
00000000000000001010010111100111
00000000000000000011001101101010
00000000000000000000111001101110
00000000000000000100110010111010
00000000000000000000101101001101
11111111111111111101101101010100
00000000000000001100100000011110
00000000000000001000100000101001
11111111111111111010101111011111
00000000000000000101000011010111
11111111111111110111101110010110
11111111111111111110001110011011
11111111111111111111011001011011
11111111111111111010000101010100
00000000000000000101011110100000
00000000000000000011110011110011
11111111111111111011110101100001
00000000000000000010001011111010
11111111111111111100000010011001
00000000000000000000001101111011
00000000000000000010111001010000
00000000000000001011111001101010
11111111111111111101001101000011
11111111111111111100111000000111
00000000000000000011001011010010
11111111111111111000011011111100
00000000000000001001000100010111
11111111111111111110100101011101
00000000000000000100011000100101
11111111111111110110001111010011
00000000000000000011000101011111
11111111111111111010111111101111
11111111111111111011111111101000
11111111111111110010111000101011
11111111111111111100011111101110
11111111111111111101000111011100
00000000000000001010110001110000
11111111111111110100111010010101
11111111111111110101101111001011
11111111111111110010011100011011
11111111111111110010001101110001
00000000000000001011111101010010
11111111111111101011100001001000
00000000000000000101110100101001
11111111111111111010110110101010
11111111111111111100110000000011
00000000000000000110111001010100
11111111111111111110000110110100
11111111111111111001111010010011
11111111111111110111100001000100
11111111111111111001100001110011
00000000000000000101001111011101
11111111111111111100011100010011
11111111111111111111110011100100
11111111111111111001110001010100
11111111111111111111010111000001
11111111111111110101100110010110
00000000000000000111000011011110
11111111111111111100010010111110
11111111111111111010011101100011
11111111111111101110001010000111
11111111111111111000010000000101
11111111111111111101100001101100
00000000000000000110011111110110
00000000000000000011100100001111
11111111111111111011011000000110
00000000000000001001110101001011
00000000000000000101000000011110
11111111111111110100010111000001
00000000000000010001010010001111
00000000000000000001101000110111
00000000000000000111110101010000
00000000000000000111110101111010
11111111111111111110100110100001
11111111111111111000011000001101
11111111111111110010011110101010
11111111111111111011010011110010
00000000000000001101011110000001
00000000000000001001100001111100
00000000000000001111010101011100
11111111111111111101100111111011
00000000000000000001101011010110
11111111111111111111111010011001
11111111111111111111111101000100
11111111111111111110100100110101
11111111111111110110111110111110
00000000000000010011010000011100
00000000000000000110011111010111
00000000000000000000100001100110
11111111111111110010101011101100
00000000000000000101000001101110
11111111111111111110101101001101
11111111111111111111110110010101
00000000000000000101110100110011
11111111111111111110010100000000
00000000000000001100000101111010
11111111111111110111110000111100
11111111111111101111000001101011
11111111111111110110000100000100
11111111111111110100001011100110
11111111111111111011000001001011
00000000000000000001000011101010
00000000000000000011000110001110
00000000000000000100011000000000
11111111111111110011101011011110
00000000000000000001010010110111
11111111111111111010010000000100
11111111111111111011101111010100
00000000000000000101000010111010
00000000000000001000001110011110
00000000000000000110011001100101
11111111111111111011011100011000
00000000000000000111101011000100
11111111111111111001010100101101
11111111111111111100010101110111
11111111111111111011110111000010
11111111111111111011000011101010
00000000000000001001111111101000
11111111111111110101111111000101
11111111111111111010001100011100
00000000000000001010100111111110
11111111111111101101100011000111
11111111111111111001000110110101
11111111111111110111011001010111
00000000000000000000100110011001
11111111111111110011111010011110
11111111111111111011110011101010
11111111111111111101000001010101
00000000000000000111110010001010
11111111111111111111111011111111
00000000000000000011000010000001
11111111111111111100011010110000
11111111111111111010011001110011
11111111111111111011010000100101
11111111111111111100101010011011
00000000000000000001010011110011
00000000000000000100011010100101
11111111111111111111101000110100
00000000000000001000110101101100
00000000000000001000011101110000
11111111111111111101110011001001
11111111111111111100011101100111
00000000000000000101111110110000
00000000000000001001011100010100
00000000000000000100011001010111
11111111111111111100011101100010
11111111111111111010110110001110
00000000000000000010010111000110
00000000000000000101110000011101
11111111111111111001000010110001
11111111111111111110101101111011
11111111111111110101011000111001
00000000000000000100100101011001
00000000000000000010110000010101
11111111111111111010111011111111
00000000000000000010101100010110
00000000000000001111011101010110
00000000000000000101000110101110
11111111111111111000110000101100
11111111111111111010111010110010
11111111111111111010010110011101
11111111111111111110000000111111
11111111111111111001110000110110
11111111111111111101111010101100
11111111111111111110110111111000
00000000000000000100000010000000
11111111111111111000111111011100
11111111111111110101000111110101
00000000000000000100101110010100
00000000000000000000010110011011
00000000000000000000110001011000
11111111111111111001110110100100
00000000000000010010000110111001
11111111111111111101000011000100
11111111111111111100010000000101
00000000000000010010100001100110
00000000000000000101011100001001
11111111111111111110111001010000
11111111111111111010010100111100
11111111111111110100110100110010
11111111111111111011110100001110
00000000000000000100110100001000
00000000000000001001111100110111
11111111111111110101000000111111
00000000000000000011110011010110
11111111111111111101101100001110
11111111111111111111111000110101
00000000000000001000011010011101
11111111111111110010110110110000
00000000000000001011010010100100
00000000000000000000010010100101
00000000000000000101101101100100
11111111111111111011100100010100
11111111111111111000110101110110
11111111111111111010011101000111
11111111111111111011010000111010
11111111111111111101010101100000
00000000000000000011101101101100
00000000000000010000110001010111
00000000000000000010101000111000
00000000000000000111101101110110
00000000000000001101110100001010
00000000000000000010100011111011
00000000000000000100110010101000
11111111111111110100001001000000
00000000000000000001101000101011
11111111111111110111100001101010
00000000000000000100101001100111
00000000000000001011111001110010
00000000000000001001101100110001
11111111111111111111111100011000
11111111111111110111000111010111
11111111111111111111111101111110
11111111111111111111001001101100
00000000000000000000101010100000
11111111111111111110111110011011
11111111111111111100101010000001
11111111111111111110011101111011
00000000000000000111000000010110
11111111111111111111011010011000
11111111111111111100111111111011
00000000000000001010100001110000
00000000000000011011110000000110
11111111111111111110010101001100
11111111111111111110010100101011
11111111111111111001011010011110
00000000000000000000100100001000
11111111111111110111001100111011
00000000000000000101110110000001
00000000000000000110000101011001
00000000000000000001110011011101
11111111111111111111011001111111
00000000000000000111101100011111
11111111111111111100110000001100
00000000000000000100111001011101
11111111111111111111010010111110
11111111111111111100111100101010
00000000000000000000010000100010
00000000000000001000010100010101
11111111111111111001110110100111
11111111111111111111010011111111
00000000000000000011101111010001
11111111111111111011101001000001
00000000000000001001011101111101
11111111111111111110000110010110
00000000000000001001010100001010
11111111111111111011101010000111
11111111111111110010101100000110
11111111111111101100010010010010
11111111111111111011110010100010
11111111111111110111100101110000
11111111111111110111100101001010
00000000000000000010100110110000
00000000000000001010000001111001
00000000000000001011110001010111
00000000000000001010101111011111
11111111111111110100111111011110
00000000000000000010001100100101
00000000000000000011111101100101
00000000000000000111110000111100
11111111111111111000101110101000
00000000000000000100001101001111
11111111111111111110110100110011
11111111111111111010010000111100
11111111111111110111101010110100
00000000000000001101110010110101
11111111111111111011110000000010
11111111111111110001000000111110
11111111111111111010100100111001
11111111111111110111011011011100
11111111111111110000000001000100
11111111111111110100100001000001
00000000000000000100001000010000
11111111111111111101001111101011
00000000000000001010110100010011
11111111111111111001110000000111
00000000000000000000010011111100
11111111111111110111011111111000
00000000000000010000101110010011
00000000000000000001000111011100
11111111111111110111011101111001
11111111111111111111100101010101
00000000000000000110110101101111
00000000000000010010111010000101
00000000000000000001101000111001
11111111111111110100001011101010
11111111111111110101101101101110
11111111111111111110010011001011
11111111111111111011011111011011
11111111111111111011000010110110
11111111111111111011101101100111
11111111111111111100110101101000
11111111111111111011101000101001
11111111111111111101100001001011
00000000000000001000001100110001
11111111111111111101010001001001
00000000000000001000010110100000
11111111111111110110110010010110
11111111111111111110010000101001
00000000000000000000001101010001
11111111111111111100100000010011
00000000000000000010110111111100
00000000000000000101110001001111
00000000000000000011110001001011
00000000000000001010011010101111
00000000000000000000010110110000
00000000000000000001100100010011
00000000000000000111001011100001
00000000000000010110011011110100
00000000000000000010001000101001
00000000000000001100010000011111
11111111111111111100000001001110
11111111111111111110000110111110
00000000000000001010001111001100
11111111111111111100100001010101
11111111111111111010111000000101
00000000000000000101110010111101
11111111111111110100011110000011
11111111111111111101011101000101
11111111111111110111100100011111
00000000000000001010110010110111
00000000000000000010011111010111
00000000000000001011000010100101
00000000000000000110100101010000
00000000000000010111010001001001
00000000000000000000010001001011
00000000000000000001010001000011
11111111111111111010101100000001
00000000000000000110010011110010
11111111111111111011000100110011
11111111111111111101110011011110
00000000000000000011011111110011
11111111111111110100100101111100
00000000000000000000011001101110
11111111111111111100100100101010
00000000000000000000101110101110
00000000000000001001010001001100
00000000000000001001010011110010
00000000000000000001101111110110
11111111111111111110101010111010
00000000000000000011111000101111
11111111111111110010011000010101
00000000000000000010001011101011
00000000000000000001110101010111
11111111111111110111011101001011
00000000000000000010110100000000
11111111111111111100110100010110
00000000000000000010100111101011
00000000000000000100101011010110
00000000000000001000011001100101
00000000000000000100010101101100
11111111111111111110010100101001
00000000000000001010001110101000
11111111111111110101000001001011
11111111111111111010110000010100
00000000000000000000101111111101
00000000000000000011100100001100
00000000000000001011000000010101
00000000000000000110110100010011
00000000000000000011001010011101
11111111111111111110001010101111
11111111111111110111111011011111
11111111111111111111110000000001
00000000000000001000111101111101
11111111111111111111111110000011
00000000000000001010000110010001
11111111111111111010111010110100
11111111111111110110000010010110
00000000000000000111000101110001
00000000000000000010111001111110
11111111111111111011110110101011
11111111111111111011101001000111
00000000000000000101111010001000
00000000000000000100100001111110
00000000000000000100011011011000
11111111111111111110111001100111
11111111111111111011001010100001
11111111111111110100000000000010
00000000000000001110101010100000
00000000000000000110101110101001
11111111111111111111110001000101
00000000000000000001111110000110
00000000000000000101010000100110
11111111111111111001011111101010
11111111111111101111110010010111
11111111111111111101011101101010
11111111111111110010101001011000
00000000000000000111110010111001
11111111111111111111110000001100
00000000000000000011000001101000
00000000000000000001101000011100
11111111111111111110111110001001
11111111111111111010110111101100
11111111111111101011111110011001
00000000000000000110110101101111
00000000000000000010011101000110
11111111111111111011111100010110
00000000000000000101101100011110
00000000000000000100011100010111
11111111111111110101111101110101
00000000000000001001011100100101
11111111111111111100010000100100
11111111111111111001001111010010
00000000000000000010001110000110
11111111111111111011100100111001
00000000000000000010001001011001
00000000000000000100000101100000
11111111111111111111111100110111
11111111111111111110011001110101
00000000000000000011111001100110
00000000000000000001001110001101
11111111111111110001111000010100
11111111111111111111001101001111
00000000000000001010011000010101
11111111111111111101001101001110
00000000000000000100001100010100
00000000000000001111010001010010
11111111111111110100011011111010
00000000000000000110001100000010
00000000000000000111101100110000
11111111111111111010000100110110
00000000000000000011010011001101
11111111111111110111110101011100
11111111111111111000001010011010
11111111111111111110101110100010
00000000000000001011111011100001
11111111111111111110111100101011
00000000000000000100101100010000
11111111111111110101001001110111
11111111111111111100010010110100
00000000000000000001111001110101
00000000000000000111001011001000
11111111111111110001010001001110
11111111111111111110111100011100
00000000000000000101001000101110
11111111111111110101010111111011
11111111111111110111110100101010
00000000000000000110100011011001
00000000000000000000010101111000
11111111111111110001101000010110
11111111111111111000110011100101
00000000000000001011100110100010
11111111111111111101110011101111
00000000000000000010110011000000
11111111111111101100011110101110
00000000000000000010100011001111
00000000000000001011001111110011
11111111111111110101101101000100
00000000000000000000000000011100
11111111111111111010011100011011
00000000000000001010001100011011
11111111111111111000000000101000
11111111111111111100010000011011
00000000000000000001001100011001
00000000000000000000011110010011
11111111111111111101010101100100
00000000000000001000011111100001
00000000000000001010101101110000
11111111111111110111001010111010
11111111111111111100111111001110
00000000000000000100100101110100
00000000000000000000110011100110
11111111111111111110011111010010
11111111111111111101110011010001
00000000000000000110101000110110
11111111111111111101011111100000
11111111111111111100011000011011
11111111111111111111000001001101
11111111111111111110010000000010
00000000000000000101000011100111
11111111111111111110010000000111
00000000000000010011001000010011
11111111111111111111011110110101
11111111111111111010101100000101
00000000000000001010101111101001
00000000000000000011010110001010
11111111111111111011111101011110
11111111111111111101001111011111
00000000000000011011100111000010
00000000000000000111001111110101
00000000000000001000100010000001
00000000000000000000100011011010
11111111111111111101100010111111
11111111111111111111011110010011
11111111111111111010000110110010
00000000000000001100101001111001
11111111111111111000011000101110
11111111111111111100110011011111
11111111111111111110110101010010
11111111111111110110101100111011
11111111111111101101101111100100
11111111111111111000100001101000
11111111111111111101100001111111
11111111111111111001110001000001
00000000000000001010100000111101
11111111111111111101110010100110
00000000000000000011000111010111
00000000000000000011101101010010
00000000000000000001111001100011
11111111111111110001101111011111
11111111111111110111110001111010
11111111111111111111111101011000
00000000000000000101000000111101
11111111111111111000010111101000
11111111111111111110101010010100
11111111111111111001010101110110
11111111111111110111000001101101
00000000000000000110011000101110
11111111111111111001011100110010
00000000000000001100110100001100
00000000000000000110101100110100
11111111111111111000010111001011
11111111111111111101010011100111
11111111111111111110010100100100
00000000000000001010001101000110
11111111111111111011001111010100
00000000000000010000110100110100
11111111111111110110110011011100
00000000000000000101111011010000
11111111111111111110100010101000
11111111111111110011110110011110
11111111111111111101011100101001
00000000000000000011000000000011
11111111111111111110111001110101
11111111111111110110101000101111
11111111111111111011001011010000
00000000000000000100100110111011
00000000000000000101100110100000
11111111111111111100111000010101
00000000000000000100010100001101
00000000000000000000010000001010
11111111111111110001000100101011
11111111111111111101101100000010
00000000000000000111101110001010
00000000000000000001000011010101
00000000000000001011000010110101
11111111111111111010100110011111
11111111111111111100001010010110
11111111111111111001010011001101
00000000000000000010110101110100
00000000000000000100000100001101
00000000000000000010010100011001
11111111111111111101101100011000
00000000000000000100001011101111
11111111111111110111101010001110
11111111111111111100110100000011
11111111111111110111010110100001
00000000000000000101011001001010
11111111111111110111111010110000
11111111111111111101001110000111
11111111111111111001101110101111
00000000000000001010110111011101
11111111111111111101001000111001
11111111111111111001111011110101
11111111111111111100001001001000
11111111111111111001100110101010
11111111111111110100001001100010
00000000000000000100011110011111
00000000000000000010110110011110
00000000000000001000111010101001
11111111111111110110000011010110
11111111111111111010010010111111
00000000000000010000011001011100
11111111111111111100111001001011
00000000000000000001111111001100
11111111111111111101101100111001
11111111111111110001001011001110
00000000000000000000111010000110
00000000000000000110010010101001
11111111111111111011110111010010
00000000000000001000110000100100
00000000000000000110001110111011
11111111111111111011010000110001
00000000000000000111011010100010
00000000000000000110110001011001
00000000000000000001101101000101
11111111111111111101101110110100
11111111111111110101100101101001
00000000000000010001000000010101
00000000000000001110100011001111
00000000000000000110101010011000
00000000000000000011100001001110
11111111111111111100010110000000
00000000000000000000001011011011
11111111111111101100110011110101
00000000000000000110011111001100
00000000000000000000110100110011
11111111111111111110100000100001
11111111111111111011100101010001
00000000000000001101111011001101
00000000000000000010010001000110
00000000000000000010110001001101
11111111111111111101001110100101
11111111111111110101011100110111
11111111111111111011100000000001
00000000000000001100011101100010
00000000000000000100001110011100
00000000000000001000101100000011
11111111111111111100101000101101
00000000000000010000001000000100
00000000000000000100110010001001
00000000000000000100110001101100
00000000000000010100101101111010
11111111111111111001000001100011
11111111111111110110111111101100
00000000000000000001010101101010
11111111111111111100011100010110
11111111111111111010101111010000
00000000000000000010010001101110
11111111111111111100100101100010
00000000000000000100011011100010
11111111111111111110110110110011
00000000000000001001100111110001
00000000000000000011000110111011
00000000000000000000000001111001
00000000000000001000101011110010
11111111111111110111000001100010
11111111111111110000111100100111
00000000000000000111110011110000
00000000000000010010001000100111
11111111111111111101000110110000
11111111111111111111010011111010
11111111111111111100010110101111
11111111111111111101001100110011
11111111111111111101010101011000
00000000000000000100101100000010
00000000000000001101000100000110
11111111111111111111000111110000
00000000000000000011011100100011
00000000000000001001101111111111
11111111111111111111101101000100
00000000000000000101110010000010
00000000000000001010001111000100
00000000000000011000101010000110
11111111111111110101101011000101
00000000000000001000011010101111
00000000000000000010011110001010
00000000000000000000011011000001
00000000000000000010101010101010
00000000000000000001100101000100
00000000000000000011000000010100
11111111111111111111101100101100
11111111111111110110100100101000
00000000000000000000011110000111
00000000000000000110011001000100
00000000000000000001011110111111
00000000000000000000101111001010
00000000000000000010011100111001
11111111111111111100101111010100
00000000000000001101110010101011
11111111111111111101001100011100
11111111111111111100000000110000
00000000000000000010101001011000
11111111111111111100000100001110
00000000000000000100110010000111
00000000000000000000011110000001
11111111111111101101011000010110
11111111111111111100111011110101
11111111111111101100111000101001
11111111111111111111110100001110
00000000000000000011101001100000
00000000000000000101111010110010
00000000000000001000110100010101
11111111111111111111010001011111
00000000000000001010111110100111
11111111111111110110000001100000
00000000000000000001111111111011
00000000000000000001011010100111
00000000000000001000100000110101
11111111111111111010001001111010
11111111111111111001100100001100
00000000000000000110000010000111
11111111111111111001100001100011
11111111111111111000111110001111
00000000000000000010011000010000
11111111111111111011001110000101
00000000000000001101001001001111
11111111111111110010000111110011
00000000000000001011101010101110
11111111111111111101101110000100
11111111111111111010001010010101
00000000000000001001111110110001
11111111111111111110000100010100
00000000000000001110011100001101
11111111111111111000110010010100
00000000000000000101000010110000
11111111111111111010001111101000
00000000000000001000000101000100
11111111111111111001011111100011
00000000000000000101101110110011
00000000000000000010011000101110
11111111111111111010010110100010
11111111111111111011011010101001
11111111111111111100011000011110
11111111111111110100111110010101
11111111111111111111001011100101
00000000000000000101011101110000
11111111111111111110001100110000
00000000000000000011110010000101
11111111111111111100001110000111
00000000000000000100010001000110
00000000000000000011000111110101
00000000000000001000000100010011
11111111111111111100000010011010
00000000000000000000101111111001
00000000000000001110000011100000
11111111111111111010111000101000
11111111111111111111000110010110
00000000000000000101110001001011
00000000000000000011101011011110
00000000000000001111100010101100
00000000000000000010001010100100
11111111111111111101111101001100
11111111111111111010100101000110
11111111111111111100101100100111
11111111111111111010101011010010
11111111111111110100110000011010
11111111111111110111100000110100
11111111111111111110010101101110
00000000000000000001111000000100
11111111111111111101010101111111
11111111111111111110100001110110
00000000000000001101101111010100
00000000000000000000110001011011
00000000000000000001100010100100
11111111111111110100001000100011
00000000000000000010000011001011
00000000000000001001100100011000
11111111111111111110000101010011
00000000000000001010000101100010
11111111111111111100010100110000
00000000000000000110110011100001
00000000000000001010000100111111
00000000000000000010101110000011
00000000000000000001101101010001
00000000000000000000100001000010
11111111111111111000110110001111
11111111111111111010110110111010
11111111111111110101010111110111
11111111111111111110100100011100
11111111111111111110101010101101
11111111111111111001101001001100
11111111111111111001001100011101
00000000000000000111010011110000
00000000000000001000011010011101
11111111111111111100110110110101
11111111111111111000001111011010
00000000000000001101011101100001
00000000000000000011010001001110
11111111111111110011101000000110
00000000000000001110110111111011
00000000000000000111011010111101
11111111111111111011001111101010
11111111111111110000101101100000
11111111111111111011000010000001
11111111111111111011110000000000
00000000000000001011010111101001
11111111111111110111100010011100
11111111111111110111010001000000
00000000000000000011111100010111
00000000000000000111001001111001
11111111111111111010000001001011
11111111111111111101010111100001
11111111111111111110101001100111
00000000000000000111010011101110
11111111111111111100010001011100
00000000000000000001000111110110
00000000000000000000001000011101
00000000000000001000011111000010
00000000000000000111101001010101
11111111111111110100101111110010
00000000000000000011001110010000
11111111111111111110110010110110
00000000000000000110100001001100
11111111111111111001100111110111
00000000000000000111001110001000
11111111111111111100111011101001
11111111111111111010101101010110
00000000000000001011011100001101
00000000000000000010010001010010
00000000000000001011101011100111
00000000000000000011101011111000
11111111111111111000010010001111
00000000000000001001010110111101
11111111111111110001100011101001
11111111111111111111111110101110
00000000000000000001100011010000
00000000000000000011001111111011
11111111111111111000100100001100
11111111111111110111111100011110
11111111111111111100101101100010
11111111111111111011110000101000
11111111111111111100110001101101
11111111111111111001100000010000
11111111111111111011101011111001
11111111111111111011011110001001
00000000000000000011011101001010
11111111111111111010101101110101
11111111111111111001010000000100
11111111111111110111001100110101
11111111111111111110111111011110
11111111111111111011001111001111
00000000000000000010110101011110
00000000000000000101111110011101
11111111111111111101000011001000
00000000000000001101100110000100
00000000000000000011001110101000
00000000000000000000101000100100
00000000000000000110111100111101
00000000000000000010100110110111
11111111111111110111111111100000
00000000000000000100000011001111
00000000000000001001010010110110
00000000000000000011001011111101
00000000000000010000011101111001
11111111111111111110011101011111
11111111111111111001010110001101
00000000000000001100111011011111
11111111111111111000011101100011
11111111111111111101000010110001
11111111111111111100000001011111
00000000000000001001001000111101
11111111111111110011001000001111
11111111111111111011111111000101
11111111111111101111101011110110
00000000000000001011011000000010
11111111111111111111011001100010
11111111111111111010001011001000
00000000000000001000101100011100
00000000000000000010100111011010
11111111111111110100100011011001
11111111111111110010010001100001
00000000000000010000000001110000
11111111111111110110101110110001
00000000000000000100000010110000
00000000000000001111000101101101
11111111111111111110001000110100
00000000000000000111001000100000
11111111111111111111010100010001
00000000000000000010110000010011
00000000000000001101101000101100
00000000000000000110011000011011
11111111111111110100111011100110
11111111111111110010100011100001
11111111111111111001100111110000
11111111111111111011010100000101
11111111111111111100010101011000
11111111111111111100010000010010
11111111111111111110111100001101
00000000000000000111000010000111
00000000000000000110110011000011
00000000000000000010111111011010
11111111111111111011100101100000
11111111111111111000101001010100
11111111111111111111000001100111
00000000000000000111100011110111
00000000000000001000000011000100
00000000000000000011101111101100
00000000000000001010000000110001
00000000000000000100010001011111
00000000000000001000011001000101
00000000000000000000111110011011
00000000000000001001100001011011
11111111111111101110010010000100
00000000000000000111001010111010
11111111111111101111111111010011
11111111111111111110000111100011
00000000000000000000101010100000
00000000000000001111001000011011
00000000000000000000000001111111
11111111111111111001001001100101
00000000000000000011110101111111
00000000000000001000101001011010
00000000000000000001101110010110
11111111111111111100101001101101
11111111111111111010111111101000
00000000000000001000010001101010
00000000000000001000000010010101
00000000000000010000101110100100
00000000000000000011010110011100
11111111111111111010001111000010
00000000000000000011010101011101
00000000000000001001000011101000
11111111111111111100100100010111
00000000000000001001010101100010
00000000000000000111000101111000
00000000000000000001101101000111
11111111111111110101011111110110
11111111111111110111100001101011
00000000000000000111000011100100
11111111111111111101010101110111
11111111111111110110111100100111
11111111111111110110111100110010
00000000000000000100001110100010
11111111111111110001010111010000
00000000000000000001011101001101
11111111111111110100110011001001
11111111111111111010011010011000
11111111111111111010001110000111
00000000000000000110101110101111
11111111111111111111000000000101
11111111111111101001001100011010
00000000000000010001010100111010
11111111111111111010101010111110
00000000000000001011011101010001
11111111111111111100111100100011
00000000000000001110001111001000
00000000000000001000010001100000
00000000000000000101000111110001
11111111111111111110000001001010
11111111111111110101010110010000
00000000000000001101001001100100
11111111111111110111011010100010
11111111111111111101100111011010
11111111111111110110110011110000
11111111111111111111110111110100
11111111111111110010101001110111
00000000000000000010101000011111
11111111111111111101111101101110
11111111111111111100111010101011
11111111111111110010111001110000
11111111111111111000110010101011
00000000000000000100001110111100
00000000000000000000111001001101
11111111111111111001101000100101
11111111111111110111010010001110
00000000000000000010000101010100
00000000000000000110111100101101
00000000000000000010100110001110
11111111111111111100010011011011
00000000000000000101001110110111
11111111111111101101011100001110
11111111111111111011001011101111
00000000000000001000110011011010
11111111111111110111111001000010
11111111111111111001111001010101
00000000000000000000011110000111
11111111111111111110110011000100
00000000000000000011001100010101
00000000000000000010110110101111
11111111111111101010111000110100
11111111111111111010101001110000
00000000000000000010011110010011
11111111111111111011111110111001
00000000000000001011011000101111
00000000000000000100111011110100
00000000000000001001111011000111
11111111111111111001001100001001
00000000000000000100101111100101
11111111111111110110000101100111
00000000000000000110100001111101
00000000000000000101111010010111
00000000000000000001000111110110
11111111111111111011100001101000
00000000000000001101011111111111
11111111111111111000011111101001
11111111111111110110111001010111
11111111111111110111101100101000
00000000000000010011011000110110
11111111111111111011110110101110
11111111111111111101011010011110
11111111111111111111000110100010
11111111111111110111111110110010
00000000000000011000000111110101
11111111111111111000011001110000
00000000000000000010001010110111
00000000000000000011011010000101
00000000000000001001110100101000
00000000000000001011001010100110
00000000000000001100111110100011
11111111111111111100101010001110
11111111111111111111010001111000
11111111111111110111010110010010
00000000000000000100110110111101
11111111111111110011000010001010
11111111111111110101001000010101
11111111111111111100110100111010
00000000000000000010000010001100
11111111111111111111001110101101
00000000000000001100010011011110
11111111111111110000100101001110
11111111111111111101000101010111
11111111111111111110110011100001
11111111111111110011010101111100
00000000000000001000001000010011
11111111111111110100110001010101
11111111111111111111010110000010
00000000000000000001011010001001
11111111111111111111101001001010
00000000000000000010010101110010
00000000000000000110010100100001
11111111111111111101100110101010
11111111111111110100010011111010
00000000000000001100101111011010
00000000000000000000111011110111
11111111111111111101011000101111
11111111111111101111011010100101
00000000000000001000110000010110
00000000000000001100110010100011
11111111111111111101001000100010
11111111111111111101001000001100
00000000000000000100011000010111
00000000000000000000011011010110
11111111111111110110101001110000
00000000000000000000100101101000
00000000000000000010110111111000
00000000000000000011011010111111
11111111111111111101100100100010
11111111111111111110011111011010
11111111111111110010101011011100
00000000000000000000110001001111
00000000000000000010110100100010
11111111111111111011100000101111
00000000000000000110001001101011
11111111111111110010111111001000
00000000000000010000000110111100
11111111111111111110101100010111
11111111111111111100010101001111
11111111111111110101001111110100
11111111111111111010011101110001
00000000000000001000111101111101
00000000000000000101101111100110
11111111111111111010010110111111
00000000000000000000100110000001
00000000000000000010110100011111
00000000000000000000100100111101
11111111111111111101111111010010
00000000000000000010010011001111
00000000000000001111101000101100
11111111111111110011110010110100
00000000000000000011101110011010
11111111111111111011111011110000
11111111111111111011101011011110
00000000000000000001101001111010
11111111111111110100100110011000
00000000000000001011111101111110
00000000000000001000111110010011
11111111111111111000010000001000
00000000000000000110010101011011
11111111111111111001001110101001
00000000000000001001001000000010
11111111111111111010011001001101
11111111111111111110011110001111
00000000000000000110110110001100
11111111111111111111100001010111
00000000000000000111111101101100
11111111111111110011111010000000
11111111111111111010111010110101
00000000000000001011001010100000
11111111111111110010100101010011
11111111111111111000001110011111
00000000000000000010011010100100
11111111111111111011011011100010
11111111111111110010100000010110
11111111111111111000000110101010
11111111111111111110010110110011
00000000000000000111011010001010
11111111111111111111001101100100
00000000000000000011101110011110
11111111111111111110101000011000
11111111111111111000110010101100
11111111111111111011010101110100
00000000000000000100101001100100
11111111111111110111110111100101
11111111111111111111111111110100
11111111111111111001011010000011
00000000000000000110001000101001
00000000000000001000000100011001
00000000000000000011111010000011
00000000000000001100101001111100
00000000000000001101101111110000
11111111111111110110111011111111
11111111111111111001001010111001
00000000000000000000001100011011
11111111111111111001010111000110
11111111111111111001010000110101
00000000000000000011001110011111
00000000000000000110011101000000
11111111111111111011010100001000
11111111111111110111001010100000
11111111111111111100100110111011
00000000000000001011100100101011
00000000000000000010000010010110
00000000000000000101110110100010
11111111111111111010001011110111
11111111111111111001001101100000
11111111111111111110011010011100
00000000000000000000100101000010
00000000000000000011100111111010
11111111111111111111000111011110
00000000000000000001010000011001
00000000000000001010000000011001
00000000000000000001110001011111
00000000000000000101010110000010
00000000000000000101010100100000
00000000000000000111100001100110
11111111111111111111000010110011
00000000000000001000001111011010
11111111111111110111001100111000
00000000000000000111011101000000
00000000000000001001101111101011
00000000000000000011010111100011
00000000000000000010011000000000
11111111111111111111110101011000
00000000000000000010100111111011
00000000000000000001110011101001
00000000000000000111100100111000
11111111111111110111111101010101
00000000000000001000101110011100
11111111111111111101110111101010
11111111111111111010010010011010
11111111111111111011001101101101
11111111111111111111100000100101
00000000000000001000011001110110
11111111111111111000011100001110
11111111111111111101111101100110
00000000000000000010100111100111
11111111111111111001010001011000
00000000000000000000011010111001
00000000000000001001101100000100
00000000000000000101011000011010
11111111111111110101110011101000
00000000000000001001001100101111
00000000000000000011011101001100
11111111111111110011111011100000
11111111111111111101010000101001
11111111111111111110111101111001
00000000000000000010011101010111
00000000000000000000110011011011
00000000000000000001101101101000
00000000000000000001110100111111
11111111111111111000001110010000
00000000000000000000010011111110
00000000000000001000111011101011
00000000000000001000111110110110
11111111111111111100101100100010
00000000000000000111000100011110
11111111111111110011111100000010
00000000000000000100110111110000
00000000000000000000100000011101
11111111111111111111100101110100
00000000000000001001010100100001
00000000000000000100011100011111
11111111111111111101001101111000
00000000000000000100001001010001
11111111111111111111000000110101
11111111111111111001010111010010
00000000000000000010100010101101
11111111111111111100110010100011
11111111111111111001010100000100
11111111111111111110011010101010
11111111111111111101100011100100
00000000000000000100011111011010
00000000000000000011001110101000
11111111111111111000111000100001
00000000000000000010001011001100
11111111111111111001110101100000
00000000000000000001110101110010
11111111111111111100101011001010
00000000000000001010101110110110
11111111111111111101101101010001
00000000000000000011111001011000
11111111111111111011000011011001
11111111111111110100010000010100
00000000000000000101110101000010
00000000000000000111000100000101
00000000000000001001100110010010
11111111111111111011001001011100
00000000000000001001100111010011
00000000000000000011010101011011
11111111111111111010100001100011
00000000000000001010001001101110
00000000000000000001111111101001
00000000000000000011010111111000
11111111111111110111101000110110
11111111111111111011011101000101
00000000000000000101101111011000
11111111111111110011011100111010
11111111111111101110111010001111
11111111111111111111100110100001
11111111111111110101111101110001
00000000000000000110001000000010
00000000000000000101100000010011
11111111111111111010001011001011
00000000000000000100110001110011
11111111111111111000010001111100
11111111111111111011011101101001
11111111111111110100000100111111
11111111111111111101010001010101
11111111111111111011110110010011
00000000000000000000011010011000
11111111111111111010011011100000
00000000000000000111001001100011
11111111111111111010001100100001
11111111111111110011101110000100
11111111111111110101000101010001
11111111111111101111000011111010
00000000000000000110001011011101
11111111111111111101111010111010
00000000000000010000111001100110
11111111111111111111001110100111
00000000000000000010100111010011
00000000000000000010110001110100
00000000000000000101001100000011
00000000000000000010000001000010
00000000000000000011100101100101
11111111111111111010110110001000
00000000000000001000000010011101
11111111111111110111101100100111
00000000000000000110010110010011
11111111111111111010001100110100
11111111111111110011010011100010
00000000000000000101010101111011
11111111111111111011110111001101
11111111111111110110001010010001
00000000000000000000100101110001
00000000000000000000110010000010
00000000000000000001110101111111
00000000000000001000100011011110
11111111111111111100111000111000
11111111111111111101011010100000
11111111111111111001101001011111
00000000000000001101001101100101
00000000000000000001101000011000
00000000000000000001100111110001
11111111111111111000111000110010
11111111111111111101101111110101
00000000000000001110110110010001
00000000000000000000011011001110
11111111111111110101110111110000
11111111111111110011010101010010
11111111111111101100101011100110
11111111111111111110111111111000
00000000000000001101110101000001
00000000000000000010110100000110
00000000000000000101001111001100
00000000000000000100010100111111
00000000000000000000011110001001
00000000000000000101010111101111
00000000000000000110011000000000
11111111111111111111101101101101
11111111111111111110100101100111
11111111111111111100000111111000
11111111111111111100010101101010
00000000000000000001001111001100
11111111111111111111101010000011
11111111111111110110111001001111
00000000000000000001000101101111
11111111111111111011100001110101
11111111111111111001001101010011
11111111111111111011100100100000
00000000000000000100101011101001
00000000000000000000010100111111
00000000000000000000001100001101
11111111111111111011100110101000
00000000000000001100011111001110
00000000000000000000100111100101
11111111111111111001110101000111
00000000000000000000101000111101
00000000000000001001000011100011
11111111111111111100101110110001
00000000000000000100110110101100
00000000000000000000101101111011
00000000000000000110000100000010
00000000000000000111110001001000
11111111111111111101101111001110
00000000000000000100101111010010
00000000000000000101100111110000
00000000000000001000011011000010
11111111111111110100110010001111
11111111111111110110111010011110
11111111111111111111011010000101
11111111111111111101111111010101
11111111111111111101000101011010
00000000000000001000001100110101
00000000000000000101001011000000
00000000000000000010101100111010
00000000000000000111001010100111
11111111111111110111001001111010
00000000000000000110111100101011
11111111111111111011110001011001
11111111111111101011000011000000
11111111111111111011001111001110
11111111111111110100000111100010
00000000000000001100110101010001
00000000000000000010100000101011
11111111111111111111011101111101
00000000000000001101111111100000
00000000000000001000001000100100
11111111111111110111001111100101
11111111111111111000101001011111
11111111111111111101110010110100
11111111111111111010011110010110
00000000000000001001010000000111
00000000000000000000011000110000
11111111111111111001010110000101
11111111111111111100000101101000
00000000000000001100110011101101
00000000000000001001001111110011
11111111111111110010111001011011
00000000000000000101111001000010
00000000000000001001010010001000
00000000000000001001111010111011
00000000000000000000001011001000
00000000000000000000101011001110
11111111111111111011111011100110
00000000000000001011011011100000
11111111111111111111010000111001
11111111111111111111111010111100
00000000000000011010101000010110
00000000000000000110010001111011
00000000000000000111110000010000
00000000000000000000100000001100
11111111111111111001101111001110
11111111111111101111000100000111
00000000000000000000101000010010
00000000000000000110101010010001
11111111111111111111011101111100
11111111111111111100100110001000
11111111111111110111001100101001
00000000000000000000001110001100
00000000000000001001110110101111
00000000000000000110001101100111
11111111111111110100100110111011
00000000000000010011000100000100
11111111111111111101100000000001
00000000000000000101111001101110
11111111111111111111100111001010
00000000000000000011111110001100
00000000000000001000101110000000
00000000000000000100000010111010
11111111111111111111001011110110
00000000000000001000110110101010
00000000000000001001111010110000
11111111111111111000000000001100
11111111111111111111011000100011
00000000000000000011000100101100
00000000000000001010100100101011
11111111111111111011000011111101
00000000000000000000011101010100
00000000000000000100111001110110
11111111111111111011000111100110
11111111111111111111010000010101
00000000000000000010100110001111
11111111111111111010000001010101
00000000000000000001000110000110
00000000000000001110110010111101
11111111111111111110111111010000
11111111111111110101101111011011
11111111111111110100100000111001
11111111111111110101010011101111
11111111111111111010001110101110
00000000000000001111100100010100
00000000000000000100110000010000
11111111111111111101011100011000
00000000000000000111100011100000
11111111111111111001001111101001
11111111111111111100011011000101
00000000000000010001010110101111
11111111111111111101011101111001
00000000000000000001111011110001
11111111111111110110111011011110
11111111111111111011100001011010
11111111111111111110011101010111
11111111111111110101111110001110
11111111111111111011111011110101
11111111111111111111000000010101
00000000000000000000111111011001
11111111111111110100101010100100
11111111111111111101110001011001
11111111111111111010010001101000
00000000000000000001011000011001
11111111111111111111001101000011
11111111111111111101111111010100
00000000000000000110111011101100
11111111111111111101111100000111
11111111111111111000011101001100
11111111111111111101110010000000
11111111111111110111011011111011
11111111111111110110001000110011
00000000000000000110000101001110
00000000000000000000101000101100
00000000000000001110001110101011
11111111111111101101011011000110
00000000000000000010010100011110
00000000000000000111010010100010
11111111111111111001011101010101
11111111111111111011001000101111
00000000000000000100111000001000
00000000000000001001001001011010
11111111111111111111111000000110
00000000000000001101000001001101
00000000000000000011101100010000
11111111111111111100110101000111
11111111111111111001011001001000
00000000000000000001100110100011
11111111111111110011111001010001
00000000000000001011011001011111
00000000000000000011111010010110
00000000000000000011101011101011
11111111111111111101100101100000
00000000000000000110001110101000
00000000000000000001011110000100
00000000000000010001001011100100
00000000000000000001011100100010
00000000000000000101001011001001
00000000000000000110101110001010
11111111111111111110010100011100
11111111111111111111100001111101
11111111111111110110001010000000
00000000000000000101110111011001
00000000000000000001100100111100
11111111111111110001011100100100
11111111111111111111011111101100
11111111111111111000110110011100
00000000000000010111011010100010
11111111111111111111011101111111
00000000000000000011011011110001
11111111111111111111010011010001
00000000000000000010010110111111
00000000000000000101001100010010
00000000000000000011000111011110
00000000000000001010101011111110
11111111111111111001110001110010
11111111111111111100000110100000
11111111111111111001010010011000
00000000000000000110111111001000
00000000000000001101000110100010
00000000000000000011111010001101
00000000000000001100111001100111
00000000000000000000011010100000
00000000000000000011111001011001
00000000000000001000101100000001
11111111111111110110101110100011
11111111111111111111100101011000
00000000000000000001111111101001
00000000000000000101011100010011
00000000000000000001100000111010
11111111111111111000100111010100
11111111111111110101110110000001
11111111111111110110100110000011
00000000000000000111100110110000
00000000000000001110110000111110
11111111111111111110010100011000
00000000000000000010011101101110
11111111111111111111000110110101
11111111111111111111100010110111
00000000000000000001101101010111
00000000000000000001110100000101
11111111111111110110110000001010
11111111111111111101111111001100
00000000000000000100100001001000
11111111111111110111001101100001
11111111111111111110001110011001
00000000000000000100100010100001
11111111111111111101011001101001
11111111111111110110010111000110
00000000000000000011001010111000
11111111111111110110101000111111
00000000000000000001001110111001
00000000000000000000000001011110
11111111111111111011001001100101
00000000000000000110000100001101
00000000000000000010011100100010
11111111111111111011111110001101
11111111111111111000110010001011
00000000000000000101110010000010
00000000000000000010111100011110
00000000000000001100111100111001
11111111111111111110101101100100
11111111111111111011111100100110
11111111111111111101001011110100
11111111111111111001100111111000
11111111111111110111101100101101
11111111111111111110000111110000
11111111111111111100110011001100
00000000000000000111001110100111
00000000000000000001101111110011
00000000000000000010000111111101
11111111111111111111101011000110
00000000000000000100010011101001
11111111111111111011101010010101
00000000000000001000111110000101
11111111111111111011111001110111
11111111111111111110000010011010
11111111111111111101001100001110
11111111111111111101101111111111
11111111111111111011100111011111
11111111111111111110100010111101
11111111111111110110101100110111
00000000000000000000110010001100
11111111111111110001011000111001
11111111111111111111010100000101
11111111111111111010110101001000
11111111111111111110000010111001
00000000000000001111011010110000
11111111111111111001111100111000
00000000000000000011101111101010
11111111111111111000011111001110
00000000000000000001010110100100
11111111111111111111001110111001
00000000000000000010011110000110
00000000000000001001001001011111
11111111111111110100111000000000
00000000000000000001110111111110
11111111111111111111010110000111
00000000000000000011011101001100
11111111111111111001010100001001
11111111111111111110011010111011
11111111111111111110100001100100
00000000000000000001000111001000
11111111111111111100001100110001
00000000000000000000010101011001
11111111111111111011101100111111
00000000000000000101010111010100
11111111111111110111110101101100
11111111111111111100001001101110
00000000000000000011101010001111
00000000000000001011100010101000
11111111111111111001100101101100
00000000000000000011101110101001
00000000000000000100100010110110
11111111111111111100010110000101
11111111111111111100110100011111
11111111111111111100011000110101
00000000000000000010011110110011
00000000000000000101100011100100
00000000000000000000010001101001
11111111111111111100010011000001
11111111111111111100111000011010
11111111111111111000011101000000
00000000000000010000101101000100
00000000000000000100100000111111
00000000000000000110010011001001
11111111111111111111011111111111
11111111111111111010111001011111
11111111111111111011110110011000
00000000000000000001100001001010
00000000000000000110010001010010
00000000000000000110000110110000
00000000000000000000111101110111
00000000000000000100001001010001
00000000000000000110010101010101
00000000000000000000101010000110
11111111111111110110000110011011
11111111111111111100111110010001
11111111111111110111101110100111
11111111111111110111001101101110
11111111111111111101001011001110
11111111111111111000111100111011
00000000000000001011110000000110
00000000000000000111010011000011
00000000000000000110000100101111
00000000000000000111010011000110
00000000000000000110011000001111
11111111111111111100100101110010
00000000000000000010111000111100
11111111111111110101010011010001
11111111111111111011011010010101
00000000000000001000001011010011
00000000000000000010011110100010
00000000000000001100111000001100
11111111111111110001100111100000
00000000000000001000010001110100
11111111111111110111010101101110
11111111111111111110110001010110
11111111111111111111101010101100
00000000000000000100000001011111
00000000000000000011100010101011
00000000000000000010010100001010
00000000000000000001110011000001
11111111111111110011111111100110
00000000000000000011001011000000
11111111111111111001001000010001
11111111111111111101000110001011
11111111111111111011101111101110
11111111111111111111001000001101
00000000000000000101001010010100
00000000000000001100111111100110
00000000000000001001100001101101
11111111111111110010001110110100
11111111111111111010111110001100
00000000000000000010000011110111
11111111111111110111111101010001
11111111111111111000100101011101
00000000000000000000110101110111
11111111111111111010001010011100
00000000000000000101010101100011
11111111111111111111110100111000
00000000000000001000001000100101
11111111111111111000001000100011
11111111111111111110010111010100
00000000000000001010111110111100
11111111111111110110010100001111
11111111111111111010011010111000
11111111111111110111100101011001
00000000000000000100101011010100
11111111111111111000111001001000
11111111111111110110101001000010
00000000000000000111101101010010
00000000000000000000111111001100
00000000000000000011001011011100
00000000000000000010001111110001
11111111111111111110100101011010
00000000000000001010000001000101
11111111111111111101111000111100
00000000000000010011011100001000
11111111111111110101100101001110
00000000000000000001101111111011
00000000000000001010011001000100
11111111111111111111001110001100
00000000000000001011100101010110
00000000000000000100000111001000
00000000000000000110100110110001
11111111111111111010001000011011
11111111111111110100100110000101
11111111111111110001001110110000
00000000000000000011101010100010
00000000000000000000100110010101
00000000000000000010011100011110
11111111111111111011011100111001
00000000000000000011111110111100
00000000000000000110101111000001
11111111111111111011100001101010
00000000000000000001100001000011
11111111111111110100000110101000
00000000000000000001101010000010
11111111111111111110111111011011
00000000000000001011001101101011
11111111111111111000001101111100
00000000000000000000100100100100
11111111111111111111110001010001
00000000000000000010010001100101
00000000000000000101101100101000
11111111111111111011101000100000
00000000000000000011010100010010
11111111111111111011100110001000
11111111111111111011101111001001
11111111111111111011000010111001
00000000000000000101011110010100
11111111111111111101111000101001
00000000000000000010100000111000
11111111111111111010101100010111
11111111111111111111000010110010
11111111111111111011101001111100
11111111111111111111000110101010
11111111111111111110100100011100
00000000000000000011101011000000
11111111111111111101110111111000
11111111111111111101100100100011
11111111111111111101111000111111
11111111111111111110101000000111
00000000000000000101001110010110
11111111111111111101101001101001
00000000000000001001111101010000
11111111111111111011011110100110
11111111111111111101011000101010
00000000000000000010011011011110
00000000000000000011000111010001
11111111111111111101011000010011
11111111111111111111010010000101
11111111111111110111100111010111
00000000000000000001110011101011
11111111111111111110111110101111
00000000000000000101011110101110
00000000000000000100100011001000
00000000000000000011000111001111
11111111111111111011110001101000
11111111111111111111111010111011
11111111111111111111111001011100
00000000000000000001101011100001
00000000000000001010011000100110
00000000000000000010110010111111
11111111111111111001010110001011
11111111111111111111101001000100
11111111111111111011001001111011
11111111111111111101001100100010
00000000000000000011011110100111
00000000000000001000000001010101
11111111111111101111011100110110
00000000000000010011101000000100
00000000000000001010010000111010
11111111111111110011101001010010
11111111111111111100011000001100
11111111111111110100010011000001
11111111111111110100010001110011
11111111111111111111100101100010
00000000000000000111110010100000
00000000000000001001010110010000
00000000000000000101100000100100
00000000000000000000000110111110
00000000000000000010000000001011
11111111111111111100111101000001
11111111111111111011010110000101
11111111111111110101100000010010
11111111111111101110111011011110
11111111111111111100101111001001
00000000000000000100100100101100
11111111111111111101111111101101
00000000000000010011101101100110
00000000000000010010001000010110
11111111111111110101000111111111
00000000000000000010001001110001
11111111111111110101000000010100
00000000000000001010111011001010
00000000000000000111001000001100
00000000000000000001110001011111
00000000000000000010001101001111
00000000000000001001010100000100
11111111111111111110010111110100
11111111111111111101110100100100
00000000000000000010101011100001
00000000000000000010111101011101
11111111111111111010110111010110
00000000000000000100010100110000
11111111111111101111000110111100
00000000000000001001011010000110
11111111111111101110101100011011
00000000000000000000010110010010
11111111111111111101111100111110
11111111111111111100111011011100
00000000000000000010010101011101
00000000000000000110011100110111
11111111111111111010001010000001
11111111111111111010111101001100
11111111111111111100001101110001
00000000000000001000110011010110
11111111111111111101100000011001
11111111111111110100001010100011
00000000000000000000001001010101
11111111111111110100010011010110
00000000000000001001110011100010
00000000000000001010011111011010
00000000000000001100010110101111
00000000000000000010011001011100
11111111111111110100110010001110
11111111111111111011110100000111
00000000000000000100010000010100
11111111111111111011101111001110
00000000000000001000100111111010
00000000000000000010100001001111
00000000000000000101011011001001
11111111111111111111110111110011
00000000000000000101111101011111
00000000000000000111111010011110
00000000000000000101000000000111
00000000000000000100100011010000
00000000000000001001001001101101
11111111111111111010100000100000
11111111111111110100011111011100
11111111111111110010001100000100
00000000000000001000001000000101
11111111111111110000101001110110
11111111111111111010110001101101
11111111111111111111011011010011
11111111111111111111011111011010
00000000000000000110100100011100
00000000000000000100000001010110
00000000000000001001111100111000
00000000000000000101001110111111
11111111111111111100111110011100
11111111111111111011110101101011
00000000000000000001100111101001
11111111111111111011101100001111
00000000000000000110010011001000
11111111111111111100111011111011
11111111111111111010000101000001
11111111111111111000111101100010
11111111111111111110100110000011
11111111111111111010000011001110
11111111111111111111101011100111
11111111111111111011010110110111
00000000000000001001100000110101
11111111111111110110000111011111
11111111111111110110100011010111
11111111111111111111101100010000
11111111111111111010011110101101
00000000000000001011100011010000
11111111111111110000110011001010
11111111111111110111000000000110
00000000000000000011111110010001
00000000000000001000110100111010
00000000000000000010001000101000
00000000000000001110000110010001
00000000000000000101001111101101
11111111111111111111111101011100
00000000000000000010000100110010
11111111111111111101001000001110
11111111111111111100101000100010
11111111111111111101000001010100
11111111111111111000101001010101
00000000000000010001111100111100
00000000000000000110000110001011
11111111111111111111011011011100
11111111111111111111000010001101
00000000000000001001101111011111
00000000000000000011111101111010
00000000000000000111101100101101
11111111111111111111110000110110
00000000000000000111110010010100
00000000000000000110011111110100
00000000000000001000110010101101
11111111111111111000100011100000
00000000000000000001001110011010
11111111111111111011101001010100
00000000000000001000011110010100
00000000000000001000111101011111
11111111111111111011001001110001
00000000000000000011010111010000
00000000000000001011100100011110
00000000000000000000010000110101
00000000000000000110111101000010
11111111111111110110110111010101
