11111111111111111001010000010011
00000000000000001011100101010111
00000000000000000110010000000101
00000000000000100010011110101101
11111111111111101000011001111110
00000000000000001001000111011011
11111111111111111101001000010111
00000000000000010110101100100011
00000000000000010000111100001101
11111111111111101000111110111001
00000000000000101000101101111100
00000000000000110101001010100000
11111111111111101110001101101010
11111111111111101011010000101110
11111111111111101010111101101111
00000000000000001001010100010101
11111111111111011000011000011011
11111111111111111001111110010001
00000000000000000001000100010101
00000000000000011010110011000101
00000000000000000111001010100101
00000000000001000001111011001010
11111111111111101100010110011000
11111111111111010011010111000101
00000000000000000011011110010011
00000000000000001000001111101111
11111111111111010100111111110101
00000000000000100010111000001011
11111111111111010001010100101011
11111111111111110101011000110100
11111111111111110010010110000001
00000000000000011100010000100010
11111111111111100001111010111111
00000000000000100001000010001011
11111111111111010011111111000000
11111111111111011110011110110000
11111111111111110101101110101000
11111111111111111010010000100010
00000000000000000000000000001101
00000000000000011010011000101101
00000000000000010000010001000011
11111111111111110101111110010001
11111111111111111010010011111011
11111111111111111101010101011101
11111111111111110100111000111110
11111111111111111011110101011000
11111111111111010101010111111101
11111111111111010001100011011001
00000000000000001001100101011000
00000000000000000100110101001010
11111111111111110111001011001101
11111111111111100101100111011111
00000000000000000110001101001111
00000000000000010101101110101010
11111111111111110011010001011100
00000000000000001001101101111101
11111111111111110110010000011001
00000000000000011101100011010100
00000000000000001001101111001010
00000000000000100110011100000101
00000000000000000111110110111011
11111111111111110101101111110010
00000000000000011111110000101111
00000000000000001100111100100111
11111111111111100000001101001101
00000000000000101100111110001010
11111111111111110110100100011011
00000000000000000111110011101010
00000000000000010001000111111110
00000000000000100000111000110111
00000000000000011110011010010000
11111111111111100101111111011011
11111111111111011111100100001111
11111111111111110110110011111010
00000000000000000101101000000011
00000000000000000100100110011110
11111111111111100001010000000010
00000000000000000001001110011001
00000000000000000111001010010100
00000000000000000100101101110101
00000000000000011010111111000011
11111111111111111000110011011110
11111111111111010110011000111111
11111111111111011111111010000011
11111111111111110111010010111110
11111111111111110100011001010011
11111111111111111000111000110001
00000000000000001011001101100010
00000000000000000000101000001111
00000000000000101000010010100101
11111111111111100110101000110000
11111111111111101111000111010011
00000000000000000001010100011011
11111111111111110110110101101100
00000000000000001100111101001111
00000000000000010111010110000101
11111111111111111010001100111101
11111111111111111101001011100000
11111111111111010010011101000011
11111111111111110011101001010111
00000000000000000000110001100111
11111111111111111101100011100101
11111111111111001001010011101011
00000000000000000000111110111110
00000000000000001000011100011110
00000000000000010100100100101010
11111111111111100111101001111000
11111111111111001111100100011001
11111111111111101100010011010011
11111111111111100011011110011110
00000000000000110010100110111001
11111111111111101101100101010011
00000000000000000101100000000100
11111111111111110010101111011101
11111111111111100101001000001000
00000000000000011011110010011001
00000000000000001001000001001110
00000000000000000010001010101101
00000000000000101111101101001001
11111111111111100110011011010000
00000000000000011010101101100111
11111111111111110011101010101000
00000000000000001000101010101001
00000000000000101001110100010010
00000000000000011010001110100011
00000000000000001101100000101010
11111111111111101010010111100101
00000000000000011001000011010110
11111111111111101111011101001000
11111111111111110011010011101010
11111111111111110001000010100100
11111111111111010100000110111101
00000000000000111111010111011110
00000000000000110101101000100000
11111111111111111111111000101011
00000000000000110011000000011111
00000000000000001011100010110101
00000000000000100011001110000001
11111111111111110010110001110111
00000000000000001010111110101110
00000000000000001010101110001101
11111111111111101000001101010100
00000000000000000101111101000010
11111111111111100100011101110010
11111111111111110001110100110111
00000000000000011010001101110001
11111111111111011011001011111000
11111111111111110011011001010001
11111111111111111011001110011000
00000000000000001110011010101100
00000000000000000100001011000011
00000000000000000010101011110000
00000000000000001001011010010000
00000000000000001100011110001101
00000000000000100100100110000000
00000000000000001000001010010111
11111111111111111011110111111101
00000000000000101101011010110011
00000000000000011000001101000010
00000000000000100111100111111001
00000000000000000001010000110111
00000000000000100010010011111001
11111111111111100001101001110111
00000000000000110011000011111000
00000000000000010111010011011001
00000000000000100000011111101011
00000000000000001010010101010101
00000000000000011010001001101110
00000000000000011100101101000100
00000000000000011111111101111001
11111111111111111110010010101010
11111111111111110010111101011111
11111111111111010010001111000010
11111111111111101001001011010101
00000000000000000000000000101111
00000000000000001001000001101000
00000000000000100100100101000100
00000000000000010011100000101111
00000000000000001011111111011000
11111111111111101100111010111101
00000000000000000101110101100001
11111111111111111100010110100101
00000000000000010100111111000010
11111111111111110101101101101110
00000000000000100101000011010000
11111111111111111011010101100001
00000000000000001100011111010000
00000000000000001011100010111110
11111111111111111011001001001010
11111111111111101111111010101100
00000000000000010110101011101000
00000000000000010110001010111011
00000000000000000111111011110100
11111111111111100010111011111111
11111111111111101101100100110001
11111111111111110010011101010111
00000000000000000000101100010011
11111111111111011111111000011101
11111111111111111010001011101100
11111111111111100011000100111000
11111111111111111110100011000110
00000000000000010001110011001011
00000000000000001011110011010000
11111111111111111000011010011001
11111111111111101010000001110101
00000000000000001111010111110001
00000000000000110100011011001101
00000000000000001111001010100001
11111111111111011010000111011111
00000000000000000110111010100100
00000000000000001011101101101000
00000000000000000000110001100101
00000000000000011100101011000110
11111111111111110011110111001000
11111111111111100110100100100101
00000000000000100010100001011010
00000000000000111101001011001100
00000000000000010110000110110001
00000000000000011101011010000000
00000000000000100100111000101100
00000000000000001001100000100101
00000000000000000001010100010111
00000000000000000000000001101000
11111111111111110011101110101001
00000000000000011000000011001100
11111111111111011101000010001000
00000000000000000111110011101001
11111111111111110110000110010000
00000000000000011011111001100100
00000000000000110100100110110001
11111111111111110101110000001001
00000000000000000000111101001110
11111111111111110000010101000011
00000000000000010011101001110000
00000000000000011111111111100011
00000000000000001010111000001001
00000000000000001000111111001010
00000000000000010111110000000101
00000000000000000111001100000101
00000000000000001111110011101001
00000000000000000001010101000101
11111111111111000011010101001111
11111111111111011110001100100010
11111111111111110001000110001011
00000000000000001010000001100100
11111111111111110111111001011000
00000000000000100111010111100101
00000000000000000010110000101101
11111111111111111101111111011101
11111111111111101100101001000000
11111111111111111101001011001001
00000000000000000100011011111011
11111111111111011100110100100101
11111111111111111101111101111000
11111111111111111110010011100101
11111111111111011110010100000010
00000000000000010100100110011011
00000000000000010000110110111101
00000000000000010001111001000100
11111111111111101111110000001000
00000000000000010011010100000101
00000000000000010010110010011000
11111111111111111100110100111010
00000000000000010000011001111011
11111111111111110111001111101001
00000000000000001100010100011101
00000000000000001101101010101100
11111111111111110100101110001110
00000000000000010110110010000100
00000000000000000000110100101011
11111111111111001011110110100111
11111111111111101001011010101111
00000000000000100000110110110101
00000000000000100001000011001111
11111111111111110001001000110000
00000000000000001100010010001100
11111111111111111011101000010011
11111111111111001101110110111110
00000000000000000000110000100100
11111111111111100110111101110110
00000000000000010000011101001100
11111111111111111001110100101001
11111111111111101001011011111001
00000000000000010010011100001011
11111111111111111101010001100011
11111111111111101111110100010000
11111111111111110101100100110100
00000000000000010101100001110101
11111111111111101010011010011100
00000000000000011111110000000111
11111111111111111011001101110000
11111111111111111111110101110010
00000000000000100101111001101000
00000000000000001110101101001001
11111111111111111111101111101100
00000000000000000110100110111000
00000000000000000000110001100001
11111111111111011010010111011101
11111111111111111110011011110110
00000000000000110000100001011001
11111111111111111010111101110000
00000000000000001000011101011011
11111111111111111001101110010000
00000000000000011101100111000000
11111111111111101100000010000100
00000000000000011001100110111100
00000000000000100011010110110111
00000000000000100000110100110100
11111111111111000111101000000101
11111111111111100111111110010111
00000000000000011010100101011010
00000000000000000100000110110010
00000000000000001000100111001101
11111111111111100001000111100011
00000000000000010101010100111100
00000000000000011011011101010001
11111111111111111110101111111110
00000000000000010001010100101101
00000000000000001100100001010110
00000000000000010010001011001101
11111111111111110111110111111011
00000000000000001111000011001100
11111111111111011110010010000000
11111111111111101110111101100110
00000000000000001101111011101101
11111111111110111110000111001100
00000000000000000010001001010001
11111111111111010110110110101000
11111111111111100010000011101100
00000000000000000011101000010111
11111111111111100101010111110100
11111111111111110111100110010100
11111111111111010001000001110110
00000000000000001010000101011100
11111111111111101110011111000101
11111111111111101111111101110010
00000000000000001010010110010001
00000000000000000101010000000101
00000000000000010100011100101111
11111111111111010100011010000001
00000000000000001010011000110100
11111111111111110111001110001100
11111111111111011000011001101011
11111111111111111011001101001110
11111111111111010011110101100111
11111111111111110100110000101011
11111111111111101101110000001011
11111111111111111001001000101001
11111111111111100100000110111010
00000000000000011001000000001100
00000000000000100011010101101001
11111111111111101101010001110100
11111111111111100011110000100011
00000000000000101110100001011111
11111111111111011010110110101000
00000000000000000010111011100101
11111111111111101001111110011000
11111111111111100010010100010101
11111111111111011101011010001001
00000000000000010110011101000111
11111111111111010101010110010111
00000000000000010110111000111101
00000000000000100011110111000101
00000000000000101100011100111100
11111111111111110110111110010110
00000000000000001000001101100010
11111111111111111001001101101001
00000000000000010111100101010100
00000000000000011011011001110100
00000000000000001001110110010101
00000000000000010101001010110101
00000000000000001011110111001111
11111111111111110100100001101100
11111111111111100011011110000000
11111111111111111001111011100011
11111111111111100001110001010001
11111111111111110100010000010101
11111111111111101010001110110000
00000000000000000011111001101001
11111111111111111001001011111001
11111111111111001101010001110001
00000000000000011000111100001011
00000000000000011101100101110000
00000000000001000011001011011001
00000000000000000001110101000011
00000000000000001000000110101000
11111111111111110100010100100101
11111111111111110100011100100100
11111111111111110011000111001000
00000000000000000000101010001111
11111111111111001110011000111110
11111111111111001110010011011001
11111111111111101100111100010101
11111111111111101110110100110011
00000000000000101100000101001010
00000000000000010001100100001100
00000000000000010110011101011101
11111111111111110101000111110010
00000000000000000101111110010000
00000000000000000001011101111000
00000000000001000110010001000011
11111111111111111111000010111110
00000000000000011001111010010111
00000000000000100010001110000100
11111111111111110111101010111101
11111111111111100001100111010111
00000000000000011111110011011001
00000000000000001011001101101110
11111111111111111101011000011111
00000000000000100110100010000101
11111111111111101001000010011011
11111111111111110100000101010101
00000000000000000011010100100001
00000000000000010000111001011111
11111111111111100011011001010110
11111111111111101010001110110100
11111111111111111000101010111111
00000000000000000001001011110100
00000000000000000011101110011101
11111111111111100101100001001110
11111111111111010011110110110111
00000000000000010100001100010010
00000000000000001100001110011111
00000000000000000000011101110001
00000000000000001100001010110110
11111111111111111101101111100010
00000000000000100100011010100010
11111111111111010010100101100111
00000000000000011001011111100000
00000000000000000111110010101011
00000000000000101010011110011001
00000000000000010011101100101001
00000000000000011101100100000010
11111111111111111111100111010110
11111111111111101101001111100011
11111111111111110001010010110010
00000000000000001011100000010011
11111111111111101100011111111010
11111111111111111001011011100111
11111111111111110111000000010010
11111111111111100110011110000101
00000000000000000010111101000110
00000000000000001101111001110101
00000000000000001101100000110011
00000000000000001110010000011000
00000000000000001101001111101111
00000000000000101000111011011100
00000000000000000010010101001011
00000000000000000111100111000111
00000000000000001111101000101000
11111111111111100010101001001110
00000000000000011000111111101000
11111111111111001010000010010001
11111111111111111100010100010010
11111111111111101000010111100010
11111111111111100111101011100000
11111111111111110111101010011010
00000000000000010010000010101111
11111111111111101011101110100001
00000000000000000001001010011100
11111111111111110001110011001011
00000000000000000101100111010101
11111111111111110111110100101111
00000000000000001101111001111000
00000000000000011101001111110001
11111111111111101100000100001100
00000000000001000100011111100010
11111111111111111101001010000010
00000000000000011000001001010111
00000000000000100111000101000011
00000000000000010011110001010101
00000000000000011101100110001101
11111111111111010000001001111100
11111111111111011111111001111010
11111111111111111111001110110001
11111111111111111000010011000110
11111111111111111011110000001001
11111111111111101010000101010111
00000000000000000010011001111011
00000000000000100111111111010111
11111111111111100001101101111100
11111111111111111111010001100011
11111111111111010001110111000101
00000000000000000000101101111011
00000000000000001010011011101001
00000000000000011010001111110110
11111111111111010100011111101000
00000000000000010010111000000111
00000000000000010100100011011110
11111111111111111001001000000111
00000000000000010001100100000111
11111111111110111111011010110010
00000000000000000111010001100110
00000000000000001101001110000101
00000000000000010100100110100011
00000000000000010001111000010001
00000000000000011111110001010010
11111111111111010111011011101001
11111111111111100000000111100010
11111111111111111000110111111111
11111111111111110110110001100111
11111111111111101010001100101010
11111111111111111111111110100001
11111111111111111011100001111111
11111111111111011101010111010001
00000000000000001111010101110001
00000000000000010110000100101110
00000000000000001001001011011011
11111111111111011110101001001001
11111111111111101101111011011101
00000000000000001000110011010010
11111111111111111010011000110000
11111111111111111100011100101110
11111111111111010111010110111011
11111111111111100011101000101100
00000000000000000110011100010000
11111111111111111110001000101000
11111111111111111001110100000111
00000000000000011100110110011011
00000000000000001010011010000101
00000000000000101110101100111100
11111111111111101101001100100110
11111111111111011100100100111001
11111111111111110010111110101101
00000000000000000111011101101011
11111111111111011100001010000100
00000000000000110011111101110101
11111111111111110000111110010011
00000000000000010111100100001111
11111111111111101100001001110111
00000000000000010010001111101000
00000000000000001101110010011000
11111111111111110000010011001011
00000000000000100101000100011101
11111111111111111001100111101100
00000000000000011000100110001101
00000000000000010110100000011010
00000000000000010000011111000000
11111111111111110100000111101001
11111111111111111100000010010100
00000000000000100010001111100100
00000000000000001011100101010110
00000000000000000000000001010000
11111111111111111100011101000111
00000000000000001001101100101101
11111111111111111101110110110100
11111111111111010100101011010100
00000000000000001100101000011111
11111111111111111110100100011001
00000000000000010011101100100011
11111111111111100101011010100111
11111111111111111001010001111011
11111111111111101100111010011111
00000000000000110111100011101001
00000000000000011011010101010000
11111111111110110110100000100000
11111111111111001010101000010011
00000000000000001001000110110001
11111111111111100100010011111011
11111111111111111100110001110011
00000000000000101100101001100000
00000000000000010101100111101110
00000000000000101101101011101110
11111111111111111110000101011000
11111111111111110110101101100100
11111111111111111100101010100110
11111111111111110111011100011100
11111111111111001110010101111000
11111111111111110110101000010000
00000000000000100101011100101100
00000000000000011001010101100010
00000000000000010001110110111100
00000000000000010011011111000110
11111111111111111010001001111010
00000000000000101010101000011111
11111111111111001110100110111110
11111111111111101110101100111001
11111111111111111111101010110000
00000000000000001001111100100110
00000000000000100000110111010111
00000000000000000001010101000001
00000000000000000101110001011110
00000000000000010000100001001000
11111111111111110110100000010001
00000000000000001110101101101010
00000000000000000111101000010110
00000000000000011001100100010011
11111111111111101100011110001011
11111111111111111000001111000011
11111111111111110111000000010101
00000000000000100100010011010000
11111111111111010001010011101110
11111111111111100000000101110010
11111111111111010010011111101101
11111111111111110101001011111101
00000000000000000000001111010100
11111111111111011111100100010100
00000000000000000010100011110101
00000000000000110010101111110111
00000000000000100000010100100001
00000000000000101110011010001010
00000000000000100011000111110010
00000000000000011000110100000010
11111111111111100110000111000100
00000000000000010010000111101010
00000000000000010000111001101000
00000000000000100000110001100100
11111111111111100010110100101011
11111111111111100100011111001011
11111111111111111000011111111101
00000000000000000000110011110001
11111111111111100001101111011010
00000000000000100001010011000010
00000000000000000000110010100111
11111111111111001111001000011111
00000000000000001100111110011010
00000000000000000101100010111010
00000000000000101001001010101101
00000000000000100110111111011000
00000000000000101010010100111000
11111111111111111000110110100111
11111111111111110110111000101101
11111111111111100101101000101011
11111111111111011110100101110100
11111111111111010001000010000001
11111111111111110100100101010011
11111111111111100110111111001100
11111111111111110010100001110100
11111111111111111000111110111100
00000000000000011011010000000011
11111111111111110101101010111001
11111111111110100111010000101101
11111111111111100110011001010011
11111111111111001110011010010000
00000000000000011000010010101001
11111111111111011101001110010101
11111111111111010011011101110110
11111111111111111011011001110010
00000000000000010010000100011111
00000000000000001000001100010110
11111111111111111001001000110100
11111111111111100001011010110010
00000000000000001000000011011111
00000000000000010001011000110000
00000000000000000110101010000101
11111111111111100100101001000011
00000000000000011000001011111100
11111111111111110110111110101000
00000000000000010110001101100011
11111111111111011100111000011000
00000000000000100010100111100001
00000000000000000110111111011101
00000000000000101100100000000010
11111111111111110101101001010100
11111111111111110111000100011001
00000000000000001100011000011000
11111111111111100101100001001011
11111111111111101010011001011000
11111111111111011100111110011101
00000000000000000010001001111100
11111111111111000100010000000100
11111111111111000101100000001111
11111111111111110010010010001001
00000000000000001101111001111100
00000000000001000101100000011111
11111111111111101110001110100001
00000000000000000110110101001111
11111111111111111001101011111100
11111111111111111000100101101001
11111111111111001011101101000000
11111111111111000011101111001101
00000000000001001011010000101101
00000000000000100010010100010010
11111111111111111101100100111111
11111111111111011011110111010110
00000000000000001111010010111100
00000000000000000000101001010110
11111111111111110100111010011111
11111111111111011100010010010001
11111111111111111001000000001011
00000000000000000110100101101001
11111111111111110101101100011010
11111111111111101101000101010011
00000000000000101000101101101100
00000000000000101111001101110111
11111111111111100011111101111010
11111111111111100000011100000001
11111111111111110101111000001101
11111111111111100011110101011110
00000000000000010101010110101111
11111111111111110110010001111010
00000000000000011001011101001011
00000000000000111001111001101010
00000000000000100111110010111111
11111111111111111001001001000100
11111111111111011010000100000110
00000000000000010100100101001010
11111111111111011001001111111000
00000000000000000000100001101011
00000000000000000001110101101001
00000000000000000110101011101001
11111111111111101001000100100110
00000000000000000101000011110000
00000000000000001001111110101110
11111111111111110111110011100101
00000000000000010001000010111111
11111111111111110110100100111010
11111111111111110111011000011110
11111111111111111100011101101110
11111111111111111011011000101011
11111111111111110111011100001010
11111111111111111110001000010111
11111111111111111110110011111100
00000000000000000110110010100001
00000000000000111100001101011100
11111111111111111011110001011011
11111111111111011001110101111011
00000000000000011000101010110111
00000000000000010101101101000010
11111111111111111011110011111001
00000000000000110000101010011011
11111111111111111010010000001001
00000000000000110000100110011110
00000000000000110110110011101000
11111111111111110101101101110111
11111111111111101010010010011011
00000000000000100101101100001010
11111111111111110001100101000010
00000000000000001111000100010000
11111111111111110111111111000110
00000000000000100000011000101110
00000000000000101000000000011001
00000000000000011000000001110001
11111111111111100101101000001111
00000000000000100000001011011110
00000000000000001111010010100010
00000000000000110001001111100110
00000000000000100100010010110111
11111111111111011010101011001101
11111111111111111100100100000000
11111111111111100011111100100111
00000000000000000110010010011001
00000000000000010101101111000110
00000000000000000001110111100011
00000000000000010011100100011010
11111111111111111011101010110110
11111111111111101001001011111001
00000000000000010111101010101010
00000000000000100101111011100010
00000000000000001101001111000110
00000000000000000111010010111010
00000000000000010100010010111100
00000000000000000010000000011111
11111111111111101011001101001010
00000000000000011111001111100111
00000000000000000011000101010110
00000000000000110010111000110001
00000000000000010100100100011100
11111111111111110111110111000001
00000000000000000110100100011001
00000000000000110010111011111100
11111111111111100010110100010011
00000000000000001010001100001110
00000000000000001111110101000010
11111111111111111111000000001110
11111111111111111111011001010100
00000000000000011001110000010000
00000000000000110101010001011111
11111111111111111011011100111111
11111111111111111111011011011001
11111111111111111011101101101100
00000000000000000101101011100100
00000000000000010001000000100101
11111111111111100001100001101110
11111111111111111100101010100100
00000000000000000010010000011000
00000000000000010000110001011011
11111111111110101101100010010110
00000000000000000001000101010101
11111111111111111100100011101011
00000000000000001000111111010111
00000000000000000000111100101010
11111111111111101100010100010010
11111111111111110010011101000001
00000000000000000010000011011000
00000000000000010001111010110011
00000000000000000110110100010111
11111111111111101010101010101100
00000000000000010000101000111111
11111111111111111001010001011001
00000000000000101001110111000101
00000000000000001011100101000010
11111111111111010110011111100001
00000000000000000001011001000000
00000000000000001011010001111110
00000000000000111111100101111101
11111111111111111111111100110110
11111111111111111100010111111000
00000000000000000001001101110100
00000000000000001011001001000100
11111111111111110101111100101111
11111111111111111110011010011100
00000000000000000001111110011101
00000000000000100100111000011000
11111111111111101111100110011101
11111111111111101111001011101100
00000000000000001000010010000111
11111111111111111000100001001000
00000000000000110011111010010111
00000000000000000010111100111100
11111111111111111111110010001010
00000000000000010110010010111110
11111111111111011100010111111101
00000000000000001010111101100100
00000000000000011111101110001011
11111111111111101101010000111011
00000000000000100111110011001100
00000000000000000110110011100110
00000000000000010001110001110000
11111111111111111001011001100101
11111111111111000101000011110000
11111111111111111111100001100101
11111111111111100001001001010001
11111111111111110110001000101111
11111111111111101110001101111010
00000000000000010101011110100111
00000000000000001100011111011111
11111111111111111111001010100000
00000000000000000100110100001001
00000000000000010011000011001110
00000000000000110000111001000100
00000000000000000111100011010001
00000000000000100101010010010100
11111111111111110001001101101010
11111111111111101101000110110111
11111111111111100110110111000101
00000000000000011010100100110001
11111111111111101111101011001111
00000000000000010101011101010010
11111111111111011000001111100110
00000000000000100100110010010110
11111111111111001111001010010011
11111111111111111110100110100010
00000000000000010010000110010101
11111111111111111000100000000100
00000000000000000011000010110101
11111111111111110100110111001011
00000000000000000011001111000101
11111111111111101001111111010010
11111111111111101101101000001010
11111111111111110111100000000011
11111111111111111001101111111001
00000000000000000101111010100001
00000000000000000001111110101110
11111111111111100111110000100101
00000000000000100001100010011001
11111111111111111010110011001001
00000000000000001011110010001010
00000000000000001100000011101111
11111111111111010111110100001110
00000000000000001111000010100000
11111111111111110001000000011110
11111111111111111110111111110111
00000000000000000100001011001110
00000000000000100110110101001011
00000000000000111101100110111011
11111111111111110001110010111011
00000000000000000100111111110110
00000000000000001111100011110011
00000000000000111000111110010100
11111111111111101011001010101011
00000000000000110110001010010110
11111111111111101101101100110101
00000000000000000111111010111111
11111111111111110001100001110000
11111111111111011110110101011000
00000000000000000111001011110110
11111111111111110010101001101001
00000000000000001101000110010010
11111111111111101101101010000011
11111111111111101110111110100010
11111111111111111110101000111001
11111111111111101010100001001011
00000000000000001001001111011001
00000000000000100001100101110010
11111111111111101110101001001110
11111111111111100010110010110111
11111111111111100010111100100000
11111111111111010101001110100000
00000000000000000110001111110101
00000000000000001110100111110010
00000000000000101100011111011101
11111111111111101101010011100110
00000000000000010001111001111011
11111111111111011011011001101101
11111111111111111010110010001001
00000000000000100101100001000110
11111111111111110110100001100111
11111111111111101111011010111100
00000000000000000000001010111100
00000000000000010011000001000100
11111111111111100100101000000100
11111111111111110111110000110110
00000000000000100000111000001010
11111111111111111000011011010010
11111111111111101000100100111010
00000000000000001111110110000001
11111111111111111011101001110110
11111111111111011000101011101100
00000000000000000101101011110000
11111111111111100011100101001111
00000000000000010110101100110110
00000000000000110110010011111000
00000000000000001110110001100110
11111111111111110000101000101100
11111111111111101110000011100011
00000000000000000101110000110110
11111111111111111010000101010010
00000000000000000111001000010001
00000000000000000001100000010101
11111111111111100111001111011000
11111111111111100101110111000010
00000000000000000101110011100011
11111111111111101010101001001010
00000000000000001011100001111000
00000000000000101100010000001001
00000000000000001110011000000011
11111111111111000101001001001111
00000000000000100010100000111100
11111111111111010000101110001111
00000000000000101011001101010111
00000000000000000111000011010001
11111111111111110101101111000100
11111111111111111111011110110011
11111111111111100001000101100110
00000000000000000010001010111011
11111111111111100001101110001010
00000000000000000100111010100000
11111111111111101011010000010001
11111111111111111001101010000011
00000000000000101011001111000111
11111111111111111101000110110111
11111111111111011110110110101111
00000000000000001011111001111010
00000000000000101000001011010011
11111111111111100101010001011111
00000000000000000110101101110011
11111111111111101111110001101000
00000000000000010001000101111101
00000000000000000010101000000000
00000000000000001000001110011011
11111111111111111111110011010011
11111111111111100110000000100010
00000000000000000111001000001010
11111111111111100111010111001011
00000000000000100011011100011100
00000000000000001100110001001000
11111111111111011011100010110000
00000000000000001100010000111100
11111111111111110001010010100001
11111111111111010110101011010011
00000000000000010010000110010000
11111111111111111100001110001100
00000000000000110101101000001010
00000000000000001100000001110100
00000000000000001000000011101000
00000000000000010110001011110000
11111111111111111111011110111011
00000000000000010111001000010101
00000000000000000000110000100100
11111111111111110011111111111010
00000000000000010100010001110100
11111111111110111111011011111111
00000000000000010000000100010111
11111111111111001110000000010111
00000000000000001010101001111110
11111111111111011100110111100100
00000000000000010001011111000011
11111111111111100011011111111010
00000000000000010010010001111000
11111111111111111100011010000110
00000000000000100100000000101101
00000000000000000000111111100000
00000000000000111100011101100001
00000000000000010110100100111110
11111111111111001011111010001011
00000000000000001010000011011001
00000000000000001100001110111110
11111111111111111111010000001000
11111111111111110110000100110101
11111111111111101001010011010111
11111111111111100010100100111111
11111111111111111110111111011111
11111111111111101101100110101110
00000000000000010011000000100101
11111111111111010011011110110110
11111111111111110011111111111100
00000000000000100101101011101100
11111111111111111011111010101000
11111111111111101111000000000001
11111111111111110011001000100010
11111111111111110101000100111000
00000000000000010111100011001000
00000000000000001000001011001100
11111111111111100000100000100010
00000000000000010010000100111001
00000000000000010101010001111101
00000000000000010010011000001100
11111111111111011111000000011101
11111111111111110100001110001011
00000000000000010000101101000111
11111111111111101110101000010101
11111111111111111000100011100011
00000000000000000011111000110000
11111111111111011011010110100100
00000000000000000101100000100110
00000000000000011100011001010111
00000000000000100101011100011010
00000000000000001101011000010001
00000000000000011110000100101111
11111111111111101011001111000010
00000000000000011001010011001000
11111111111111110001101111001011
11111111111111111101111110010000
11111111111111101010100011101010
11111111111111101100011001111101
11111111111111111110010101110011
11111111111111110000110001101101
11111111111111100101011010111001
11111111111111011010000110000110
11111111111111111011001100110101
00000000000000011011101011100110
00000000000000001101001010011011
00000000000000000010111111011001
11111111111111110010110001010000
00000000000000000100010100011101
00000000000000100001111011001000
11111111111111110011011000001111
00000000000000101110101010000111
00000000000000100101100101101100
00000000000000000110010010001010
11111111111111101000010100110010
11111111111111101100000001110110
00000000000000100101110110001100
11111111111111110110010010011011
00000000000000000011111000111100
11111111111111100100010001111100
11111111111111111111111011110010
11111111111111110111000000010010
00000000000000101011101100001100
11111111111111111111110001110000
00000000000000000010011110101010
00000000000001001010000111001000
00000000000000001011110110110101
11111111111111101010000010110101
00000000000000011111001100101100
00000000000000000011001000001000
11111111111111110000000110111010
00000000000000011010101110010011
11111111111111110111100001111010
00000000000000001111100110000100
11111111111111100111100001100001
11111111111111110001000000001111
00000000000000111100011111100110
11111111111111011100000100110110
11111111111111011011100001011110
00000000000000100100111010000111
11111111111111110010110011000011
00000000000000000011101110100100
11111111111111011110000111010101
00000000000000000010000100110110
11111111111111111100101010011110
11111111111111010011111101100010
11111111111111101001101101001000
11111111111111110000111101010111
11111111111111101110100000011110
11111111111111111101110011001100
11111111111111111110010101111011
11111111111111110100011010100111
11111111111111100010100001100001
00000000000000011110100011101011
00000000000000000001000000100101
11111111111111111001111011010100
11111111111111100110000110100101
00000000000000001111011101001100
11111111111111110010101101001000
00000000000000010011111011100011
11111111111111111010001011010001
11111111111111011110110110100001
00000000000000000101111011010101
11111111111111100100000011000010
00000000000000010111001100011111
00000000000000100010010000101010
11111111111111111000111011101000
11111111111111010111011001001101
11111111111111110011101000100110
11111111111111110011000100100111
00000000000000100001101010110010
11111111111111101011100001101101
11111111111111110111000101111001
11111111111111011011101110110001
00000000000000001101001111111001
11111111111111110001010100111010
00000000000000111111101111101001
11111111111111110011010000100010
00000000000000001101110001101110
00000000000000001101011011110110
11111111111111101110111100111011
11111111111111110011000101011101
00000000000000001011000010101011
00000000000000000011010111010000
00000000000000010110011000110011
11111111111111110001001010011100
11111111111111101100010100100111
00000000000000000100110100010101
00000000000000001011101100100011
11111111111111101000000000010110
11111111111111011101000000101111
00000000000000001101100001100100
00000000000000001101010011000111
00000000000000001001011101111000
11111111111111110010101010110001
11111111111111110101100010100101
00000000000000101011101010100010
11111111111111101100001111010100
11111111111111110111100110000010
11111111111111011011101010111001
11111111111111101011101010110100
11111111111111011010111100111000
11111111111111001001010001101011
00000000000000000110010000001000
00000000000000010011110001111010
00000000000000001010011101110000
00000000000000000110011111101011
11111111111111110111100011000111
00000000000000011100000001001110
11111111111111110110010100111111
00000000000000011000100000110000
11111111111111110000101010001010
11111111111111100011110010101110
00000000000000011010011010010101
11111111111111001110000110111001
00000000000000001110011001111010
11111111111111111101001010000101
00000000000000000111111010001111
00000000000000100010011000110110
00000000000000001111101000101100
00000000000000001111111011110111
00000000000000010110100010001110
00000000000000000000110111100011
00000000000000000010010100110010
00000000000000001010001011010011
11111111111111101111100100001110
11111111111111010110001001011011
11111111111111001110001100100100
00000000000000000011010110101110
00000000000000101011001001101000
00000000000000001111110101110001
00000000000000011000111101110100
11111111111111011110010111110110
11111111111111111010111011000010
00000000000000010001111100100010
11111111111111101110001111111110
00000000000000011000000000111001
11111111111111101011100101001101
11111111111111110011100110110100
11111111111111101010011111011110
11111111111111100110000110110100
11111111111111100110000001000010
11111111111111110110001100010011
11111111111111111011011001001101
00000000000000101011111010110010
00000000000000000010110101110101
00000000000000000101010101110100
11111111111111111011001000010101
00000000000000001010100000001010
11111111111111111011100101000011
00000000000000000010101110110010
11111111111111111110001001011010
11111111111111100000111100001110
00000000000000000001011010011100
11111111111111010011000100001010
00000000000000000100000010000001
11111111111111111101000111000010
00000000000000000011011100011001
11111111111111101011111100010001
11111111111111111011110101100010
00000000000000110000000000011001
11111111111111111011010110100011
00000000000000001001000111111011
11111111111111110110011111000011
11111111111111101000100001011110
00000000000000100101000100101000
00000000000000010110100010001110
11111111111111001111011001100010
00000000000000000000011101101110
00000000000000011000100000010100
00000000000000000110100010100101
11111111111111111101000111001011
11111111111111100110001101000010
00000000000000011100111010100110
11111111111111100011101111101101
11111111111111111000110010001100
11111111111111101111011010000110
00000000000000010010000011110110
11111111111111011010110100100100
00000000000000001101000110010000
00000000000000111101001000110101
11111111111111110001101000110101
00000000000000100100101100010011
11111111111111010100000010101000
00000000000000001101010010101000
11111111111111111000001001100111
00000000000000001111101100100101
11111111111111110110001110101011
11111111111111110011101110010010
11111111111111101101101100000101
00000000000000000001011101010100
00000000000000101000000010001110
11111111111111010111100011100100
00000000000000100011010101100011
11111111111111111010110011101010
11111111111111111100011101011100
11111111111111001100110011010110
11111111111111101010010101001000
11111111111111011010110111010010
11111111111111111000011000111001
00000000000000011110010000101000
00000000000000010110000110000010
00000000000000010011100000011000
00000000000000010111110101011000
00000000000000001011011000011110
00000000000000111001100101111000
00000000000000010000001000010010
11111111111111100111100111111100
00000000000000010011001001100101
00000000000000110000000001101100
00000000000000100010100100101000
00000000000000101001100101100001
00000000000000000000011101100110
11111111111111110111101111010000
11111111111111100110000111011100
11111111111111111011001100100000
11111111111111000110111000111001
11111111111111111110111000001111
11111111111111100010000111001010
11111111111111111101001110000100
11111111111111011101001000111101
00000000000000010011011111111111
00000000000000010110010111001111
11111111111110101000011111000101
11111111111111111101011110101001
11111111111111110000111011010000
00000000000000000110001101111101
11111111111111100101111111101110
11111111111111101100111001010101
00000000000000110011101001000100
00000000000000001110100000011111
11111111111111100111000100110110
00000000000000011001000100010011
00000000000000000011101001011001
11111111111111110101100010010000
11111111111111110011010011001001
11111111111111010100000100000100
11111111111111111111010000110101
00000000000000011001111000110000
00000000000000100010110000001100
11111111111111011110000001110110
00000000000000001000010000000001
11111111111111000010010110111111
11111111111111101010010111111110
11111111111111110101001010111011
11111111111111110110001001110111
00000000000000000100011101011110
11111111111111111011110000011010
00000000000000011111101011101001
11111111111111101101111010001011
00000000000000010101110010010110
00000000000000010001111000101101
11111111111111110100111100100110
11111111111111111101010110101100
00000000000000001101100111111011
11111111111111110000011011111111
00000000000000000101111001010111
11111111111111011110100111001101
00000000000000100000010010011011
00000000000000001111100110111011
11111111111111110111110110110000
00000000000000001010011110000110
11111111111111101110001000101100
00000000000000011011000111011011
00000000000000010000100001010101
11111111111111011100101110110110
00000000000000000100110010010000
00000000000000011011111000111001
00000000000000011101011000010111
00000000000000000001000100111001
00000000000000101001101101001001
11111111111111010111011101111000
00000000000000100011100101111011
00000000000000100101101000100111
00000000000000100010011110110001
11111111111111111111101111111000
11111111111111001101000110111000
11111111111110111100000111111110
00000000000000000001000010100010
11111111111111110110000111111110
00000000000000010001010101001101
11111111111111110110000111011001
00000000000000010000111111000010
00000000000000001011111011101110
11111111111111101000111011110111
00000000000000011101011100100010
11111111111111011010110010110110
11111111111111110001110110111001
11111111111111100010000000010011
11111111111111010111001100111101
11111111111111011110010100100100
00000000000000000010111100101111
11111111111111111011110111000000
00000000000000101101111100110011
00000000000000001000010011010011
00000000000001000000100011100001
11111111111111111000001001110010
00000000000000000101011010111100
11111111111111011001100100110100
11111111111111111111111100010001
00000000000000011111111110101111
00000000000000000111111011110001
00000000000000010100100111101101
00000000000000001110001101011111
00000000000000000100101100100100
11111111111111110100000001010010
11111111111111111100010010100110
11111111111111100111110110110101
00000000000000010111001000011101
11111111111111111000011011111110
11111111111111100111101100000011
00000000000000010101001100101111
00000000000000001100011110100101
11111111111111111011011011101000
11111111111111100110011100110110
11111111111111111110111100000011
11111111111111111111010001101000
00000000000000000100001111111111
11111111111111100010101000100110
00000000000000101110110011011010
11111111111111100110110101110101
00000000000000100011001001000000
11111111111111100101010010100110
11111111111111111000110101010101
11111111111111110001101100110001
00000000000000011100100001011001
00000000000000010100000010001000
00000000000000101110000000111110
11111111111111111000110010110110
11111111111111111101110100010100
11111111111111101100110101110000
11111111111111100101111111111111
00000000000000001110000111101100
00000000000000011111110010100110
11111111111111010000110111011000
00000000000000001111110110110000
11111111111111101101100010100001
00000000000000000000010110110100
11111111111111100101001001010110
11111111111111001100011110101001
00000000000000001001011001010101
00000000000000010010001100111000
00000000000000101100001000010000
00000000000000000000110000101011
11111111111111001100101010010001
00000000000000011101001000101100
11111111111111100001111111001001
00000000000000101001010110101110
00000000000000000010011111100000
11111111111111100010100010100010
11111111111111110011101000000000
00000000000000000010100110111111
11111111111111100111110110001100
00000000000000011100100111101111
00000000000000001011101000010101
00000000000000110100101001011000
00000000000000010010001101100011
11111111111111101101111011010110
11111111111111111011000000011001
00000000000000101010100111010100
11111111111111000000011011101000
11111111111111011101110101000011
00000000000000101111001001011100
00000000000000010111110111111010
11111111111111111000101110000100
11111111111111111000110110001110
11111111111111101001001001011000
00000000000000000111111010110100
00000000000000010011001000001101
11111111111111100010010000100111
00000000000000001000000000111011
00000000000000001001110001011000
00000000000000001011111011010001
11111111111111100011100100111011
11111111111111010110000011110110
00000000000000001011001100001110
00000000000000000101111011100001
11111111111111110101011001011111
11111111111111100101100011100101
11111111111111110001000111111110
11111111111111101000100011001100
11111111111111101101111010010100
11111111111111100010100100111010
11111111111111011011101111011001
00000000000000110101010000000011
00000000000000100101011010110011
00000000000000011001010001111100
11111111111111101101000111000001
11111111111111100110001111101100
00000000000000100110000001101001
11111111111111110001001011110010
00000000000000001000001011111110
00000000000000100000101110100011
11111111111111111100000010101100
11111111111111111000010010100001
00000000000000011101001000010101
11111111111111010010011000101101
11111111111111101100010011100000
11111111111111111011010101101100
11111111111111110010011011110110
00000000000000111001000101111111
00000000000000010110001100001110
11111111111111110100011101011100
11111111111111101010110111010000
11111111111111111111011001011110
00000000000000100100001001101000
11111111111111101010101110110000
11111111111111011101110001111100
00000000000000010001100010100101
00000000000000000111110110101011
11111111111111101001100001001101
00000000000000000101011100101111
00000000000001001110110110100111
11111111111111011110111101001101
00000000000000100100001111001000
11111111111111010011010100101100
11111111111111100001110110110001
00000000000000011010111010001001
00000000000000000010010011000110
00000000000000111000010110110011
11111111111111011000111011101000
00000000000000000011011111001100
00000000000000010001101101001111
11111111111111111111100101001001
00000000000000001110000001011010
11111111111111101101100111011000
00000000000000001010001001100101
11111111111111101011111101111110
11111111111111110000101010010011
11111111111111111101000001011111
11111111111111011011010101001000
11111111111111010011110011110101
00000000000000010101101010010000
11111111111111110110101010111110
11111111111111110100101101111111
11111111111111100010001010111010
00000000000000010011010011111110
11111111111111111000001110111011
11111111111111110100111001011111
00000000000000001101111111010010
00000000000000001110110111010110
00000000000000001110010000011111
11111111111111011111010110110010
00000000000000000010011111011010
11111111111111111110010010110010
00000000000000000110111000000000
11111111111111100111101011110110
11111111111111011110101010001011
00000000000000001100010011000111
00000000000000000000010100001100
00000000000000011000011010111001
00000000000000001110101010010100
11111111111111110010010101100110
00000000000000011001101111010001
11111111111111011101010111110111
00000000000000001010010100010011
11111111111111111110101110101001
00000000000000000101111110111100
00000000000000111011100101111111
11111111111111101111000110100100
00000000000000000100011100001100
00000000000000101001110110011010
00000000000000001100110111010101
11111111111111110111101110100101
11111111111111101011101111111110
11111111111111110110000010110101
00000000000000101010111001101001
11111111111111110001100000011011
11111111111111100111011110000001
00000000000001000001010011000110
11111111111111011000111011110000
00000000000000110011011011100100
00000000000000010101001110100000
11111111111111111111011100111110
00000000000000001001101000101010
11111111111111110001101111101101
00000000000000000001100010111110
00000000000000000110011100100011
00000000000000001001111010110101
11111111111111110011001011110010
00000000000000000010000001010000
11111111111111110011011011100001
00000000000000000010001100001100
11111111111111111101010100101111
00000000000000010100110000000010
11111111111111101101010100001100
11111111111111111100001110000100
11111111111111100001000101111000
00000000000000011001011101010100
11111111111111111010010100111001
11111111111111111000100110010000
00000000000000011010010101011011
11111111111111100110000000011001
11111111111111010000111111111010
00000000000000011100100001011100
00000000000000011000001010111010
00000000000000011100010101000110
11111111111111110101001011101111
00000000000000110011100010101101
00000000000000011011100010000011
11111111111111111010110100100000
11111111111111110111111111001100
00000000000000000111111000010011
11111111111111101101000010100101
11111111111111111011100011110000
11111111111111100010010100011001
11111111111111110100111010001101
11111111111111101000011101100010
00000000000000100011110010011001
11111111111111111101100011010110
11111111111111100001101001111101
11111111111111111001001000101100
11111111111111001010111000000011
00000000000000010001100100011101
11111111111111100001000100001000
11111111111111010110101010011010
11111111111111111000001011100001
00000000000000011111101011110010
00000000000000010001000101101011
11111111111111110101100111111101
00000000000000001101101101101000
11111111111111110011001101001110
11111111111111010101010010101011
11111111111111111101101000010101
11111111111111111001010110001101
11111111111111100010010010101111
00000000000000011110001100100110
00000000000000010101101110101110
11111111111111110011111101000001
11111111111111011110010010100111
11111111111111101000100100100011
11111111111111100000001010100111
11111111111111110011100001001101
11111111111111100010001110100011
11111111111111100100001110110100
11111111111111100011010001110010
11111111111111100011001111100001
11111111111111111111101010011000
00000000000000000001100010001111
00000000000000000010111000001010
00000000000000000010001011100110
11111111111111100000111101010010
11111111111111011100100101110010
00000000000000010101011011111111
11111111111111101110111101011100
11111111111111100000010100011100
00000000000000010011000110100110
11111111111111100001001101111110
00000000000000000100101100110001
00000000000000000101111000000100
00000000000000000101100011100100
11111111111111011000100100000000
00000000000000000011111111000010
11111111111111010100010101100010
11111111111111110110111010111101
11111111111111111100011101111101
11111111111111111001101101100111
11111111111111111110111001111010
11111111111111111000110001100001
11111111111111010110010111100000
00000000000000000101100110111101
11111111111111010111010000001111
00000000000000000010111010110111
00000000000001001001010110100010
00000000000000001000000011101110
11111111111111100101010101100111
00000000000000010101100110000111
00000000000001000010100100101101
00000000000000000100110000100010
11111111111111101111000100010100
00000000000000011110111000000111
11111111111111111010100101001011
11111111111111111001000110001101
00000000000000000001100101111111
11111111111111100110011010101010
11111111111111101000001011000000
11111111111111111010110010110000
11111111111111011101100100011100
11111111111111111111101001001111
11111111111111011111110011000011
11111111111111100110010110110000
11111111111111110110001010010000
11111111111111101101001001111011
00000000000000100001001000100011
11111111111111100110010011111110
11111111111111111000010010101100
00000000000000010000001001101111
00000000000000011001100011011010
00000000000000011111010100001111
00000000000000100011111001001001
11111111111111101000110110100000
00000000000000000001101100100000
00000000000000000100011000111100
00000000000000001110001010100010
00000000000000010010011000010111
00000000000000001100111000001100
11111111111111110100011000001110
11111111111111100000000000001111
11111111111111100100000101010110
00000000000000001100100101010111
11111111111111111101000111101100
00000000000000001011100010100010
11111111111111011111100110010100
11111111111111010111101000011011
11111111111111110111001011101111
00000000000000010000111010010101
11111111111111110011011000101010
11111111111111011111010101010101
11111111111111000110001001110110
11111111111111001100110101011011
11111111111111100101000001101111
00000000000000000110000101011000
11111111111111111001100011101111
11111111111111100011110011111001
11111111111111111111111101100111
00000000000000000010100011001010
11111111111111111000000010010110
00000000000000001110111010010000
00000000000000010110110001110010
11111111111111110011000010101100
11111111111111111011000111001000
11111111111111001010011010101011
00000000000000011100101010001101
00000000000000001101010100110010
11111111111111001010101111100011
00000000000000010101010001101001
00000000000000000111110010001110
00000000000001000001000010100010
00000000000000010010000110000011
00000000000000101100100100011100
11111111111111110110111100100001
00000000000000000111001101011100
11111111111111110110100011000000
11111111111111111001111100010101
00000000000000001000100100111100
00000000000001010111000110011001
00000000000000001110000111011000
11111111111111100110110000000010
00000000000000001000001100011111
00000000000000101001100110100111
00000000000000000101011011010011
00000000000000110100001111101111
11111111111111100011010111110100
11111111111111111101111100000000
00000000000000000101010110010010
00000000000000001111100100000011
00000000000000000000100100000101
11111111111111111100110010010000
11111111111111110101111001101010
00000000000000010001001011010111
00000000000000000100010100011000
00000000000000000000110100110000
00000000000000111110010011011111
11111111111111101001111011001000
11111111111111110011010011001010
00000000000000001000010100100011
00000000000000001110100011110110
11111111111111100001011010111100
00000000000000001111101011101010
00000000000000000011011100111010
00000000000000011001011101010111
11111111111111101000000110010100
00000000000000001111001101000100
00000000000000001000101111100010
00000000000000011101001110100110
11111111111111101000010000010100
00000000000000101110110111000010
11111111111111011000101110111011
00000000000000000010000000111110
00000000000000010101100101001010
00000000000000010110100000111001
00000000000000100000100010001110
11111111111111010111111111000001
00000000000000011100011000110011
11111111111111101001010110111100
11111111111111101010100111010101
11111111111111111110011111000010
00000000000000011000010011011111
00000000000000010110100011011011
11111111111111111110000100001010
00000000000000010001101011011010
00000000000000100000000010000000
11111111111111111101100101110011
11111111111111010101110100011110
11111111111111110100001101001111
11111111111111101100001010111110
00000000000000111111110001110100
00000000000000100110011110000111
11111111111111110011011010101111
00000000000000001000011000101100
11111111111111110010111001110100
11111111111111111111001001111101
11111111111111110001000001001111
11111111111111100001111011000110
11111111111111110101110010111001
11111111111111101101011110101000
11111111111111001010010101111101
11111111111111011111011111000101
00000000000000011001100001001000
11111111111111101010100001110011
00000000000000010000111100100000
11111111111111100111110011111010
00000000000000001010111000010010
00000000000000011101010110110111
00000000000000111101110110110010
11111111111111111000000111000100
11111111111111101111010111010010
00000000000000011010011101100001
11111111111111111001101101111000
00000000000000000000011100001111
00000000000000100110001011110111
11111111111111101101101000100010
00000000000000111111001001010010
11111111111111101101011101101010
00000000000000010001100101011111
00000000000000001110110100000111
11111111111111011101101001101101
00000000000000001001001001100001
00000000000000010110001100110011
00000000000000011111001000001001
00000000000000011010000001011110
00000000000000001011111110001101
00000000000000011101010111010111
00000000000000010111100100111001
00000000000000001100110010001100
11111111111111011111001001000101
00000000000000011101010000010101
11111111111111100010100010010101
00000000000000001001110111011001
00000000000000010010110001010001
11111111111111101011101111100010
11111111111111111000000100011011
00000000000000001111111010111010
11111111111111110011101000111100
11111111111111010011011011010011
00000000000000110011110111110001
00000000000000011100100010000110
00000000000000001101100001110010
00000000000000001000100011110101
00000000000000001000001010101010
11111111111111100000000010111101
00000000000000010100101101011101
11111111111111010100011101111101
11111111111111100101011100011011
11111111111111110011111000101010
11111111111111000110101000101010
00000000000000010011000101001110
11111111111111110100101100101110
00000000000000001111101101111100
11111111111111111011100001010000
00000000000000000111111000011000
00000000000000001011011010010011
00000000000000001101111001101001
00000000000000100001001100111000
00000000000000001110100100101111
11111111111111110111010110100000
11111111111111101010001101100111
00000000000000001000001101011100
00000000000000011101001111111111
11111111111111111111000111100110
00000000000000000001111011101100
00000000000000000101000101001110
00000000000000110010101111011001
11111111111111111100111011100000
11111111111111111100100111111010
11111111111111010001011010001011
00000000000000010110011001011010
00000000000000000011010100010101
00000000000000101010101110011100
00000000000000000100011111100101
11111111111111100111011100001110
00000000000000000100111010011111
00000000000000001111110001100000
00000000000000000100110100111011
11111111111111011101011111010110
00000000000000010011111101010100
00000000000000001000110100000011
00000000000000001110110011110111
00000000000000011011101011001101
11111111111111110110000100011000
11111111111111011000010110010011
11111111111111010100001001111111
00000000000000001101001010101110
11111111111111100111101010111111
11111111111111111011101011111001
11111111111111110111010010110110
11111111111111101101111011011110
00000000000000001100100110011110
00000000000000001000100001110011
11111111111111111011100011000000
00000000000000010110101111001001
00000000000000010000001101111111
00000000000000111100001100001110
00000000000000001100111001101000
00000000000000000000110101101001
00000000000000001001110111101001
00000000000000001000000010000101
00000000000000000000000110101101
00000000000000001100011111111100
00000000000000000001010010001001
11111111111111100011100101100001
11111111111111111011100011111101
00000000000000011010101101111011
00000000000000001010101101110000
00000000000000010001111101000000
11111111111111110100100010100000
00000000000000100001000010110110
00000000000000000100110011111010
00000000000000101100100001000010
00000000000001001100100111011100
11111111111111000101011100001110
11111111111111110100000000111110
11111111111111101101101101010010
11111111111111011100110110011010
00000000000000101001111101110100
11111111111111101110101011000101
11111111111111110001101011000111
00000000000000011100111100100111
11111111111111111000010000011001
00000000000000011001110010000011
00000000000000001000101111101011
11111111111111110000011100101100
11111111111111111001001011000011
11111111111111100101110100010100
00000000000000011000010001101111
00000000000000100011001010111111
11111111111111110100111101111100
00000000000000010011111001100001
00000000000000111111011110100000
00000000000000100100110001111010
11111111111111110010111000001101
11111111111111011101101101100000
00000000000000000110000011000010
11111111111111101011000000110110
11111111111111101110011010010001
11111111111111101110101010111001
00000000000000100000001110101100
11111111111111111001111000110001
00000000000000011100001000010001
00000000000000001010011010001010
00000000000000010101011111011100
11111111111111100001100001100011
11111111111111101001011110001011
11111111111111011011011011110011
11111111111111110000010110000111
00000000000000011010000010111110
00000000000000011000011111111011
00000000000001000000011101010111
11111111111111110110100110000111
11111111111111101101011111010110
00000000000000001011101011010111
00000000000000111001011011000110
11111111111111100110001010110111
00000000000000011101101001001001
00000000000000001000111101101010
11111111111111010010011100101000
11111111111111110111111000011110
00000000000000000000110111010001
00000000000000001111111101011000
11111111111111101010100100010001
11111111111111111110101101100100
11111111111111110000110001000100
11111111111111110001010011010000
00000000000000001110001011101110
11111111111111011011001010111011
11111111111111111111001101011010
00000000000000100010000100000100
00000000000000010010111101011010
11111111111111011101111110001101
11111111111111100001100110010011
00000000000000010011101111010010
00000000000000011110101011111001
00000000000000001111001100111101
00000000000000001110010011101100
11111111111111111011100111000000
00000000000000001010110101101101
00000000000000001010101100110011
11111111111111110011000000011000
00000000000000000101011100110010
00000000000000000011010111111010
00000000000000000000001011000001
00000000000000001101111110110010
11111111111111111111110100100110
11111111111111100101001111000100
11111111111111010110100010000010
11111111111111100101111000011100
11111111111111100111100010011011
00000000000000000001010001111000
00000000000000111001101101001100
11111111111111110100111100100010
00000000000000001010111100111110
00000000000000011111110000011001
00000000000000010101111111100110
00000000000000010010101100110010
11111111111111110011101101110011
00000000000000011100110110001000
00000000000000010001101110011101
11111111111111101111000011010100
00000000000000001000110110001011
11111111111111101111111110011100
11111111111111011100001101101011
11111111111111100101011100011111
00000000000000011001111110101111
11111111111111100101111101111100
00000000000000001000111100100011
11111111111111110101011011111100
11111111111111010010111100000001
00000000000000001000001100100010
00000000000000001110100110010100
00000000000000011111000101101011
11111111111111010000010100010111
11111111111111110111000001101111
00000000000000101011110111010011
00000000000000011100010100000011
11111111111111111101010110001010
11111111111111100101101001101111
00000000000000000011100000110001
00000000000000011011000111011111
00000000000000011011111011010101
00000000000000100111110011001110
00000000000000011010000101111000
11111111111111101001000010010011
11111111111111001011010101001010
11111111111111111010111110011010
11111111111111101001111000010111
11111111111111110101000010101000
11111111111111110000011111011010
11111111111111110111101111011010
11111111111111011011010001110001
00000000000000000100111000110011
00000000000000000110011011100101
00000000000000010001010100010111
11111111111111011111001001011000
11111111111111111111000100000011
11111111111111101011000000010101
11111111111111111111110001101101
00000000000000001101000010000011
11111111111111110110100001100101
11111111111111110100011110100111
00000000000000110110000111111000
11111111111111101000001000011100
00000000000000001110000110101010
00000000000000010000111010111001
00000000000000100001101000111110
11111111111111110100101011110100
11111111111111110110000001010000
11111111111111111011001100100010
00000000000000011101110100010001
11111111111111100011010010000100
11111111111111101100110111001010
11111111111111101011000010100111
11111111111111111010011110011010
00000000000000011100111110101001
00000000000000000000101001001001
11111111111111110011011110100010
11111111111111111111011010000000
11111111111111110010011010100001
00000000000000000001010110000100
11111111111111001110001101110001
00000000000000001000110110111001
00000000000000010011000111100110
11111111111111110111000111001010
11111111111111111000000101010001
00000000000000001010011111111111
00000000000000100100110101110101
00000000000000010101011110100101
11111111111111111000100011100001
00000000000000000100010101100000
11111111111111101101010010011110
11111111111111100110101010110100
11111111111111110011010000111001
00000000000000100010011010111110
00000000000000000001110010011000
