1111111011010101
1111110010001000
1111101000100100
1111110110001100
1111111101010011
1111111110001110
1111111011100011
0000000110100110
1111101001101101
1111110001110101
1111111101100101
0000001111111001
0000011011111010
1111111010001000
1111101100111101
0000000001010100
0000000100011011
0000001000001100
1111111101100111
1111110101010101
1111110011110011
0000011101101010
0000001000010010
0000001001010001
0000010111111110
1111101010010000
1111110100101000
0000001101001010
1111111001111111
1111110010111101
1111100111010111
0000000010001000
0000001111011000
1111111101101111
1111111100110000
0000000100001101
0000011010000110
0000001001011110
1111111101110010
1111101111011110
1111101101100111
1111110011000110
0000010100100100
1111110011000110
0000001100010010
0000000011010101
1111111100110111
0000000001001100
1111110010110000
1111111110110101
1111100110011011
0000001001001100
1111110010001100
1111101101110111
1111111011110100
1111110100010110
0000000111011010
0000001001110100
1111111111001001
1111111000101110
1111101100000100
0000001000100110
1111110011000011
0000000100010011
0000001001100011
0000001100101100
0000011000110010
0000001111000111
0000001100110010
1111110000111010
1111111111010010
0000000100101011
1111110100111011
0000001000001001
1111110100000101
0000010101010001
1111101101101000
1111111001101011
1111110101110000
0000001001100010
1111111111111111
1111101100000100
1111101011010111
1111110110100100
1111101101000000
1111110011100010
1111110001010111
1111110100110000
1111110010010010
1111101001100111
1111111110010000
1111110010001000
1111110011010111
0000010000100111
1111110111101101
0000000000000100
0000001100110010
0000001101001100
1111110110100100
0000010101101001
1111111100100001
0000001011010011
1111111001001101
0000000001110111
1111110000011111
0000001100001010
1111111110100101
1111111010001001
1111111010111111
0000000101101001
1111111101010000
1111111110101010
1111111101110000
0000000001111010
0000000110100010
1111110110110111
0000010001101000
1111111110101100
0000000011001011
0000011010000110
0000011000110000
1111110010101100
1111100111011100
1111111011110010
1111111001011110
1111111011010111
1111110000101001
0000000101011100
0000001101100111
1111111000101111
1111101111001101
0000001000100011
0000011101101111
1111111110000110
0000010011110001
1111111101110011
0000000000100010
1111110100011111
0000010011010100
1111101010110100
1111110101101100
1111110010001010
0000010100100100
1111110101100110
1111111100101000
0000001001000100
0000001110101000
1111111000101011
0000001010011101
1111110111010011
1111111000011110
0000000011110111
1111101100010010
1111110111100111
0000001000011101
1111111011000101
1111111110110010
0000011000110101
1111111000010100
0000001011101100
0000000111101011
0000001101011101
0000000101111100
0000000000100100
1111111100000010
1111111101101101
1111110011011010
1111110111100010
1111111101010001
1111111111010111
1111110001010100
1111111000001111
1111111110000000
1111111100111101
1111111111100000
1111111000101100
0000100001001000
0000011010010110
0000010000000100
1111111000110101
0000001011111111
1111111001100111
1111111100110111
1111111001100101
0000000000111110
0000000011000011
1111111000110100
1111111001111101
0000010001110000
1111111010001011
0000000010111010
0000000101110001
1111101101011101
1111111101010000
1111110010010001
0000000111111100
0000000001111001
0000000011001001
1111111010000010
0000001011001011
0000000110000110
1111110010001001
0000100010011011
1111110111000111
1111111011101001
0000001100100101
1111110011000001
1111100011000000
0000000110101110
0000001000111111
1111100101110101
0000000100010001
0000001000101110
1111100110100100
1111111111110100
1111110111100100
0000001001110010
1111111010010110
1111111000001110
0000001110001101
1111111101100001
1111110110100111
1111110000001110
1111101110000100
1111100000100000
0000010001000111
0000000101110011
1111110011100001
0000001111001111
0000000101000010
1111101110100010
1111110010110011
1111110000011111
1111111101110111
1111110101100011
1111111011111101
1111110001100010
0000000001100110
0000000011011010
1111100011101000
0000000101010011
1111111001111001
0000001000101011
1111110111100101
1111111110010001
1111111101110100
1111011111110100
0000000101101010
0000010001001011
1111111101010111
1111101011000001
0000000001110110
1111101101001001
1111111000010100
1111110001110111
0000000101100101
0000001000000101
1111101100011111
0000000110010011
0000001110011011
1111111000001001
1111111110011001
1111111000101101
0000001111101010
1111100110101001
0000010000011101
1111110000000010
1111111100001001
0000000011011000
1111101101010000
1111110111111110
1111111010100001
0000001101110111
1111011111101111
0000001011010001
1111110000010101
0000000001011011
1111110000001111
0000000010110101
0000001111111011
1111111011111101
0000001110101011
0000001111000100
1111111010011001
0000000000011010
0000010000010100
0000000001101010
1111111101011111
0000010100111100
1111101000010011
1111110110111101
1111101010111001
1111110010000000
0000000100000110
0000000100101110
1111010110001111
1111111111001010
1111110000100011
0000001110010101
1111111101101111
0000010001010110
1111111010110010
0000010000111110
1111110101000010
0000001100110001
1111101110100100
0000000001001011
0000001011101100
0000011011010011
0000000001100010
0000001000011111
0000011010000001
0000001001011110
0000000011100110
0000001001101010
1111110100011001
1111101111000001
1111100111111111
1111111100111100
1111101011110000
0000100100100111
0000000111001001
0000000010111111
1111111111100100
1111110000100010
0000010100101101
0000100000011011
1111110101010111
0000001001111000
0000000100110000
1111101111111010
0000000010110111
0000000100010011
0000001001100100
1111100111110110
0000010001101000
0000000010110111
1111111011011100
1111101110111111
1111101100110110
0000000011100011
0000000101111001
1111111101100001
0000000010101100
0000000101010100
1111111110110101
0000001000000100
1111110101101111
0000001101001010
1111110110001001
1111101111000110
0000010110001111
1111110111000101
0000000001001100
0000001001111100
1111110100101110
0000011011100111
1111110010110110
0000000100101000
0000001000000100
0000000001110101
1111111111110010
0000000011000000
0000010010100110
1111101101110101
1111111100111001
0000010010100011
0000000010101101
0000010011110011
1111111100111001
0000010111000101
0000011101001001
0000001011000001
0000001110000111
1111101011010101
0000000011100000
0000010000110001
0000001011110101
1111110011110001
0000000001011100
1111111100101011
0000001101111000
0000010100001011
1111110100000011
1111111101000101
0000000010010100
1111111011100010
0000001001100001
1111100000110000
0000000010101001
0000000100001100
1111111010101111
1111110111001001
1111110111101011
1111110010110111
0000000100011000
1111101110000101
0000001011000000
0000000101011011
1111101010111100
1111110101001101
0000000010010001
0000001100000010
1111111000101001
1111111010111011
0000001001000100
0000000001110100
1111111010010000
1111111010001000
0000000110011101
1111110000000100
1111111101100110
0000001011110110
1111011011011001
1111111100010110
1111101110100110
1111110001101100
1111111011000000
1111111001110110
1111111110000100
0000000011100010
1111101111111010
0000001010000110
0000011000100010
0000001010000000
0000011010001000
1111111100101001
1111001101001000
1111110010000000
1111111010101101
1111111110110110
1111110100000101
0000010100000000
0000000001101011
0000011110010000
0000001101101010
1111110011001010
0000001111010010
0000000010100100
1111111101001100
1111111110101111
0000000001101011
0000001110111010
1111110000011001
0000001100001011
1111110011101000
1111111010011011
1111110001110001
0000001001010010
0000000011001010
1111101110111001
1111110111100111
0000000011111010
0000010110110100
1111111000111001
0000000011110101
1111111111001010
0000010011100011
0000001101010101
0000000101110010
0000001000001011
1111111001110010
0000000100001011
1111101010001000
1111101111000111
1111110111000101
0000000011110110
0000000101000010
0000001101010100
0000000100101110
1111110011000000
1111101001000011
1111101011000000
0000000100000001
0000001110111100
0000000010011111
0000000011001000
0000001001100011
1111111100110010
0000010111001111
1111110110011000
0000001011100010
1111110000101010
0000000111100111
1111111001101101
1111100101000011
1111110001011000
1111101010001100
1111111001001111
1111101110000011
0000001011101010
0000001011110011
1111111111011000
0000000110001110
1111111100001101
1111110101000011
1111110010010100
0000001000111111
0000010011011111
0000010001111101
0000010001001100
1111111000011110
0000001011111100
0000011111101101
0000001110010010
0000001111010000
1111101110100010
1111111111011111
1111111101110110
0000001111110100
1111110010010001
1111110100011110
1111110101000110
0000011100011011
1111110101110010
0000001100111111
0000000111011001
1111110000110101
1111101010010100
1111110101100010
1111110001110101
0000001011011101
0000001101111000
0000000000001001
0000000000100010
0000010111011010
1111110101011111
1111111011100000
0000011100111101
1111100110110111
1111110101100110
0000100010111011
0000001000000101
1111111011110110
1111111100111111
1111110001000110
1111110100110110
0000010011011001
0000010100100100
0000001100000110
0000001000011001
0000000100101110
0000000001111110
0000001000110011
0000010101111001
1111100111100000
1111101010000101
0000000001111111
1111110100000010
0000001110000110
1111101100110010
0000000011001001
1111100010001001
0000001010111101
1111110111100100
0000000110100010
0000010110101010
0000000111110010
0000011001010100
0000000111011001
0000000100011110
1111110110100110
1111110101000000
0000001000110010
0000010011000110
0000000010100001
1111110000101101
0000011011101011
1111111111111100
0000000001110001
1111111111011001
0000001101000001
0000000010101011
1111111010001111
1111101111110100
1111111101001011
0000000011100111
1111111011100101
1111101100001100
1111111001001101
0000000111000110
1111111011110110
0000000110001100
0000001100000111
0000000100111111
0000000100000010
1111100100000101
0000000011111100
0000001010100111
1111111100100111
1111111000000110
1111111110111010
0000000001001100
1111101100111011
0000000110000111
0000011000001101
0000000100000111
0000010010110111
1111111010000010
1111111011100101
0000000111010101
0000011001000001
1111111010110011
0000011011001101
0000000100000111
0000000101011110
0000000101010101
0000001010110011
0000011110100010
0000001111100101
1111111111111000
0000001010010101
0000000001001000
0000000000100010
1111110001101000
1111110010111111
1111101111111000
0000000010000100
1111100100001001
1111110011110110
1111101111101100
0000010100111111
1111110100000001
0000011110101111
1111111011000111
0000010110011111
0000000110000111
1111111011010000
0000010101011101
0000001010000000
0000000100110011
1111111001101001
0000001100100111
1111110010100110
0000000110111011
0000000110001000
1111100011010110
1111101100001111
1111111101100001
1111111101001001
0000000101110101
0000000000111100
1111111100001101
0000010101100111
0000001000101100
1111111001001101
1111111101000010
0000000000110011
0000000101001111
1111111000100101
0000000010011011
1111111011100110
0000000110101001
1111100101111011
0000000010010010
1111110111011110
0000001101100011
1111010010011110
0000010001001011
0000000110110111
1111111011101101
0000000001111010
1111101011101101
0000001011011111
1111110010001001
1111110110001100
0000001110000101
0000011011100000
1111111011110100
0000001101010111
0000000011100001
1111100010110101
1111100010000011
1111111101111101
1111111011111001
0000000010011101
0000010111110000
1111101110001010
1111110010001110
0000000100011000
1111111001010110
1111101100001101
0000000101101110
0000000100111101
0000000110011001
1111111101101001
1111101010010100
1111110111101101
0000010010110001
0000011010000111
0000001100111110
1111110111001111
0000000100111111
0000000111011011
0000000001010100
1111111110010001
1111110101100101
0000000101011100
0000001101001001
1111010101110111
0000001001010010
1111111100010101
0000100000010111
1111111001011001
0000010111011110
0000000010010000
0000001110001001
0000000010010111
0000001001110010
0000000100100010
0000010011000001
0000010100110101
0000000100100110
1111111010011101
0000010010001111
1111101110110111
0000010011001101
1111110111000111
1111110010000100
0000000001110110
0000001011101011
0000100010111101
1111111011011001
1111110001101100
0000000110011011
0000000011010111
1111101110101111
0000001010110110
0000000101111000
0000010101000001
0000000011100110
0000000110110111
0000000001101111
1111111010111110
0000010001011100
1111101111110000
1111101100011001
0000001011100101
0000010001000010
1111101001010110
0000010001010011
1111110000110010
1111111011100110
0000001010111100
1111111000000001
0000100100101110
1111111010100011
1111110010000000
1111111011001000
1111111000111100
1111011111110101
0000000100011101
0000000000110011
1111100110110011
0000001011110101
0000001000011100
0000010000110000
0000001000000000
0000001100000101
0000000011100000
1111110101100100
0000000011101110
0000010001001111
0000010011011101
0000010000111010
1111111101110110
1111101001000001
0000000110100000
0000000010000101
1111111100100010
0000001010011010
0000001011100011
1111111101001111
1111111101100000
1111111001110100
1111111011001110
0000100101010001
0000000001000101
1111111100101101
1111111110011101
1111110010111010
0000010110101110
1111110101110100
1111110111001001
1111110101000110
1111110111111101
0000011011101001
1111110110010001
1111110001000101
1111101011010111
0000000100000001
0000001000000111
1111111010110110
0000000010011111
1111101101011000
0000000110100111
1111110010101100
0000000000010011
0000000000100001
0000001000010101
0000100001111011
0000001011001100
0000011011001111
0000010110010111
1111111010011000
0000001000011110
1111101001110101
1111111000101111
1111101111101001
1111110100000100
0000001110000011
0000001001110101
0000001011010101
1111110111000110
1111111101111001
0000000110111110
1111110111010100
1111101011001000
1111111010110000
1111111111111000
1111111101010010
0000010101111011
0000000000000101
1111110100110101
0000000101111011
0000001011111011
1111110100000001
0000001001111000
0000000010110001
0000001000100100
1111111101011001
1111111110111001
0000000110001001
1111111001000011
1111111010000110
1111101110011011
0000011100010010
1111100011100000
1111101011111100
1111011110011011
0000000101111011
1111111001101001
0000000000111011
1111111111001010
0000001001100011
0000010000111011
0000000010111110
0000000010000011
0000000010111011
0000011000101100
0000000011001001
1111111101001101
1111111111001011
0000001000110111
0000010000110010
0000001110011000
0000000011100111
0000000111110100
0000000000111000
0000001001010110
0000001100111001
1111110000011101
0000000011110000
1111101001011100
0000100000101010
1111100110101101
0000000011010100
0000000011011000
1111110110011001
1111110001110111
1111110111110001
0000011010000001
0000001000011001
1111110111000111
0000001111110101
0000000110100010
0000000000010010
1111110011101100
1111111001111111
1111111011101011
1111100110011101
1111110001000010
0000010100001000
1111111001110010
0000000010100011
0000000011000111
0000000110000111
1111110101101110
0000001011101101
1111110110101000
1111110001010111
1111101010010000
0000100110011101
0000000100110110
0000001001101010
1111101111000111
1111111011111011
1111111110111110
1111111111000110
1111101101001111
1111111001010011
0000010110001000
1111101100000100
0000000101101000
1111111101010101
1111110011011001
0000000001100000
0000001100110010
0000000110111011
0000000110101111
0000001001010100
0000010101001010
1111110111110000
0000011110110010
0000001101011101
1111110111011010
1111100010101010
1111110111000000
1111111101111110
1111110100111111
0000001100001001
1111100100101101
1111100011101111
0000000101101011
1111110111000100
1111110100110110
1111101111110001
0000000010111010
0000000010110111
0000000001011110
0000000100101011
1111111100110101
1111110100011100
0000000111011001
1111110011001010
0000001011001110
1111101110011101
0000100100101111
1111110010011101
0000011101011001
0000001010011100
0000000001111010
0000000010100000
1111111111001000
0000011001011100
1111111101000001
1111111110110101
1111111111010001
0000001111000101
1111111110111111
1111101010110110
0000001011110110
1111101010000011
1111100110100000
0000000110000011
0000001011111101
1111111111100001
1111101011101101
0000001100110110
0000001010011100
1111111100010001
0000000110000001
0000001001101001
1111111010111011
0000010011100111
1111110110000010
1111111101000110
0000000000100110
0000000010010100
1111101010111110
0000001010101000
0000000011100001
0000001000011011
1111111111101010
0000001000101111
1111111111010101
1111110010111001
0000100011100011
1111110010101110
1111111010001011
1111101101101001
1111101001111111
1111101110001001
0000000010101011
1111110010111101
1111111000011000
0000001001110110
1111110101000000
0000000110011111
0000001000010101
0000010011000110
1111110111110011
0000000100101101
1111101100101110
0000001010111010
1111110101100001
0000001010100011
1111111110110011
1111111000111101
0000000101111010
0000000000010111
0000000111001110
0000011001011101
0000010100010011
1111111011101100
1111101111001111
1111110010111101
1111110101101011
0000000101010001
1111101010100000
1111101011001001
0000010000011101
1111111100011000
0000010001101001
1111111000010010
0000001011001111
0000001011100111
0000000000000100
0000000000001110
1111111111001010
1111011111000101
0000001001111000
0000001010101110
0000000101110001
1111111000101000
0000001110111111
0000010001110101
1111100100110011
0000000110111100
0000100011001010
0000000110001111
1111111000011000
1111111100011101
0000011011111001
0000000011001011
1111011100100110
0000000010011101
1111111101001111
1111100111100001
0000001011011110
1111111010011101
0000000100100011
1111101010001101
1111110110010111
1111111101110100
1111101111101111
1111111110111101
0000001101010010
0000001110001010
1111101010101010
0000010110111100
0000011100111111
1111110111101011
1111101101101000
1111110100010011
0000000100100010
0000000011100011
0000001000011100
0000000100000001
1111111101110001
0000001000000110
1111101011011101
0000000011001010
0000011100001111
1111100100110001
0000000011110000
1111110110111011
1111111011010100
1111110100111001
1111101101010010
0000010010101010
1111111110001001
0000011101100100
1111110011011111
0000010101111000
0000000111011110
0000000011010111
0000001001000001
1111110110101100
1111111100111101
1111111100011001
0000010000011110
1111110011001100
1111110001010111
1111100010000110
0000010010111110
1111111000011010
0000001000011011
0000001010000111
1111110111011001
1111110001000001
1111111101100011
0000000111110011
1111110010110101
0000000110010011
0000001100010101
1111111010100101
0000011001000011
0000001111011000
1111110110011011
1111100100000011
1111110000000011
1111111101111000
1111111100011011
0000000101011010
1111101001010111
0000100010001100
0000001001111011
0000000111011000
0000001010101110
0000000100110000
0000010011101110
0000001001100101
1111101010010000
1111111101001011
1111111110010001
0000011001101101
0000011010011001
1111100010001110
1111101010011010
1111111100101000
0000010101010111
0000001000110010
1111111010111010
0000000100110001
0000000110100111
0000000010001010
0000001110010001
1111101001011000
0000000011010111
0000000111110111
1111100010011011
1111110100100011
1111110010110010
0000000011010000
1111101011111010
1111110110110110
1111101010111100
1111101100010101
1111110010000001
1111111110100111
0000010101010101
1111101101101001
1111111010110110
1111111010001101
1111110101001000
0000010011011011
1111110100101001
0000000000100101
0000001100010011
1111111100010101
1111101101001010
0000001011100101
1111110001001100
1111110100100011
1111111001111110
1111111010011101
1111101010100111
1111011110101001
0000000010001011
0000000100101000
0000001000010010
0000001100000101
0000000000010111
0000000100001011
1111111101101100
1111101101110001
0000001011001001
0000001010010100
1111101011101111
0000000110100110
1111111010110110
1111111000011110
1111110100001110
1111111011111001
0000010000110110
1111110001101110
1111110111100011
0000001010110010
1111101111110010
1111100101001000
1111111110001010
0000000000110001
0000001011011100
0000010011110010
1111111111110010
1111101100100010
0000000011110110
1111101110000011
0000000010111110
0000000100000011
0000000000010110
0000000010010010
0000010110101101
1111101011010001
1111111111010111
0000000011101110
0000010011100001
0000010101000010
0000001001100010
1111101100110001
0000010101111110
1111101110111000
0000000110110101
0000010011101100
0000001000000101
0000001100111100
1111110010111010
0000010000011000
1111101100010100
0000010110001000
0000001101111010
0000000100100101
0000000000011010
1111110010000110
0000000100110010
1111110100010000
1111101011000011
0000001001000000
1111111001011010
0000001010000000
0000001111111101
1111111000010110
1111101011101101
1111011111010101
0000001010100000
1111110110001000
0000001001111011
1111111110110110
0000000111001110
0000010011111000
0000001010110010
0000001110000011
1111100101100010
1111111010110000
0000001010100001
0000001011000111
0000000100001100
1111111000100101
1111111001010111
1111111011001101
0000000001000011
1111110111000010
1111110111101110
0000010011101000
0000001111111011
0000010000001111
1111111111011001
0000010001100010
1111110001111010
1111110001100111
1111110110010100
1111111111000011
0000010110010011
1111110110101110
0000001011111000
1111101010011100
1111100111110001
0000000000100001
1111111111101011
1111100011110101
0000001001110101
0000000100110001
1111110010011001
1111111001011010
0000000101001111
1111101000101100
1111101101110110
1111011110011010
0000000001100111
1111110111111100
0000011101111111
1111110111100000
0000101010011111
0000000000001001
1111111000100110
1111110010001000
0000001100110110
0000000010101100
1111101111110010
1111110101001100
0000001010111010
1111111000110011
0000001101010010
1111110011000010
0000000000100101
1111101110110101
1111101111011011
1111110100011011
0000000000110100
1111101000010100
0000001000000011
1111011100100011
0000000100000000
0000010101110110
0000001001111110
0000001000111110
1111111010011110
1111101101110000
0000010011000011
1111111100011101
0000000010011101
1111101000011001
0000000111000100
1111111000000110
0000010011101010
0000001000001001
1111110111001100
0000010010100010
0000000011000101
1111101010111100
1111110111101001
1111111010110100
0000000001010011
1111110101110001
1111111011011101
1111111010011100
0000010000111111
1111110011000010
0000011000101000
0000001000011011
1111111100010010
1111111010001101
0000001110101010
0000011011011010
0000011001110011
1111110100111010
1111111100001101
1111111010100000
1111110011001111
1111111011011100
0000001011101111
1111111110010110
0000001000110101
0000001011010010
1111101010110001
1111100111010001
1111101111011100
0000001000001110
1111111011101100
0000000000001000
0000000100111100
1111111010010010
0000001111101101
1111111110110011
0000001011100100
1111111100011000
1111110001101100
1111101101101000
0000011011111010
1111011010100100
1111100101111001
0000001001110101
0000001010100011
0000000001001110
1111111001000110
1111100100011101
1111101010111110
1111111000000100
0000001010011110
0000001000000110
0000011011101010
0000011010010111
0000000100010000
1111111100011110
1111111000101101
0000001101110000
1111110111000111
1111111100110000
1111111111100010
0000010011100000
0000001001000010
0000001101001011
0000000011100000
0000000001110101
0000010000111010
0000001001100111
0000000111110001
1111101110100000
1111111100110111
0000001010100101
1111101110101010
0000000100101010
0000000001100001
0000001011000010
1111101111100000
0000000001011100
0000000010011011
1111101011101000
1111110100110111
1111111100001101
1111110100000110
1111111111111100
0000011011011101
1111100101010000
0000000110001001
1111111001000111
0000000001000100
0000000100000100
1111110011100010
1111111101101000
0000000001100010
0000001111001010
1111011111111000
0000000111011110
0000100101111101
0000010111000010
0000001011001011
0000100110000110
0000010010011010
0000010111000010
1111110110011111
1111110000001011
1111101011011111
0000011110010111
1111100100111110
1111111110110010
1111101000100111
1111111101101101
0000000100111011
0000000110111011
1111010101001011
0000011000111111
1111111100010100
1111110110100110
1111110011010001
0000001101101101
0000001011010101
0000000110010010
1111111001111110
1111110101010111
0000010000001001
1111111111000100
1111110101000001
1111110000001011
0000000011011100
0000011110111010
0000000000110010
0000001001101100
0000001010010111
1111111110101100
1111111100001101
0000000100000110
1111111011011110
0000001100000101
1111111011101100
1111110000011111
0000000000100111
0000001001010011
1111110000100010
1111110100111111
0000000011011001
0000000101110100
0000001011100011
0000001101101100
0000001100111000
0000000110000001
1111111101000110
0000010011001000
1111110100000101
1111110100110001
0000000011000001
0000000000100011
0000000100001010
0000001101110100
0000000011110010
0000000110101111
0000001000100001
1111111000110001
1111111000111101
0000001111001000
0000001010101101
1111110111011111
1111111000010100
1111111100010011
0000000101001011
1111110111010100
1111101111000010
0000010011111101
0000001010000001
1111111101111101
0000000011010001
1111010111001101
1111111000000101
1111111001100110
0000000111001010
1111101001100000
0000101111100000
0000010110000010
0000010011011001
1111100011010001
0000000101101011
1111111111111100
0000000001111110
0000000001011010
1111111110111110
1111110001010110
0000000000101000
1111101101101001
1111111010110010
1111101100100001
0000000101110000
1111111001110100
0000000011100000
0000001011101101
0000000101100100
1111101001011001
0000011100000001
1111111001000111
1111111110101011
1111111001111111
0000010010000101
0000011000001111
0000000111000000
1111101101011111
1111111011111011
1111111100110000
1111100101000001
0000001110101110
1111110101111010
0000010011101000
1111100010110010
1111110000110100
0000000100100011
0000010101111100
0000000110100001
1111011000011111
1111101101101000
1111111001011111
1111111100110111
1111111111000111
1111111110001111
1111110000101000
1111101100000110
0000000001100111
0000000010011110
0000010100110111
0000001001010001
0000001011000001
1111011011111011
1111110110010010
1111111110110010
1111111100110000
1111111011101101
1111111010101011
1111111000100011
0000001101110000
0000010011100111
1111111100011101
1111101011111100
0000001101110100
0000001100000101
1111111111101101
1111100010111101
0000010111000010
0000000111010010
0000000110010001
1111111100010101
0000000011110010
0000001101110101
1111111110101111
0000010110101011
1111111000000001
1111111110100110
0000010100101100
1111100100101010
0000000100101000
1111101100000100
0000000001100101
0000011000011001
1111111110000101
0000001001001001
0000010101001110
1111111111101101
0000000010011011
1111111000011111
0000010101000111
1111101111110100
1111111000111101
0000000111010100
1111011110110010
0000000110110000
1111110101111110
0000001010100111
0000001100101000
1111110111000100
1111101111101100
0000010101100000
1111111000011001
0000101000011110
0000011101011100
0000000101111001
0000000000011101
1111110000100110
1111111001110010
0000001010011010
1111110010001010
0000000111111110
0000001110110111
1111111010000100
1111101011011100
0000001000100101
0000010001010110
1111100111011011
0000000100100011
1111111101010110
0000000100011010
0000010111111001
0000000001100011
1111111001110010
1111111010110011
0000000101110110
1111111010110010
1111111000110000
0000001010010111
0000000101011011
1111100011101100
1111111100101111
1111111111111110
1111101001010001
0000010110001101
0000010011001011
0000000110010010
1111111011101010
1111111100101000
1111110010000000
1111110011010011
1111111101011011
0000001011101111
1111111000100100
0000010100100110
0000010010011011
0000010010110101
1111111100000110
1111110110010100
1111111001000010
1111011110011011
1111110101110001
0000011000110111
1111110010010100
1111011101100011
0000000011000100
1111100110101101
1111110000100101
1111101000010000
0000001001010110
0000000010000101
1111110100111110
0000001001111100
1111110101100101
1111111010011010
1111100110110110
0000011010101111
1111111011101101
0000000110100001
0000000100111111
1111110111010000
1111110101101001
0000000000100000
0000010100001001
1111111110111010
1111110101110011
1111111011011111
1111110101101101
1111110110010100
1111111011000101
0000001100010110
0000011000000111
0000010101011111
0000010011101110
0000000011111011
0000000101111101
0000001101000111
0000000001000101
0000011100001001
1111111001010000
1111101100101010
1111111001000011
0000000011101100
1111110101001100
1111110011110011
1111110111100010
1111111100001110
1111100101100001
0000100101011110
0000001111111001
0000010000111010
1111110101110000
1111111010011101
0000000010100111
0000010000101001
1111101110101100
0000001001010101
0000010000010011
0000000101110101
1111111001111110
1111101110101000
1111111000100010
0000001110010010
0000000111010000
0000001001101001
1111110100111100
1111101110101000
0000010101000110
0000000001101011
1111101101111110
1111110110000101
0000000101101001
0000000011100111
0000001111010111
1111111010010111
0000100010000111
1111111101010111
0000010011110110
0000000011010100
0000000001010100
1111110011000101
0000001001110100
1111101111100000
0000000011011001
1111111110010101
1111101111110001
1111111110111111
0000000100000101
0000010000000011
0000001010000110
0000000001111101
1111110111000100
1111110100001111
1111100011110110
0000000110111011
1111101100111010
0000001001000111
0000011011110100
0000011110111001
0000001100111001
1111111000100011
1111111100111010
0000000001001110
0000000010000101
0000001011011100
0000010000010101
0000000001111010
0000000110000111
1111111110111001
0000000110101111
0000011010100000
1111100001000001
1111110101101100
0000011010011100
1111110000001000
0000001011101001
0000010011110000
0000001001011100
1111111101110110
0000000001010100
1111111011010101
1111111000110111
0000001110100011
0000000001001100
0000000000000111
1111101100110101
0000000001000110
1111111110000011
1111101110001001
0000010000100111
1111110010111001
0000001000000001
0000000101001111
1111110100101010
0000001100101110
0000001011000011
0000001001010101
0000100001000111
0000010000010010
0000011111101000
1111111001001000
1111110011010011
1111111100000100
1111110000001010
0000010000001100
0000010000101110
1111110011010110
1111111000111101
0000010110011010
0000000010000011
0000001110011010
0000000111010000
0000101000000010
0000001001111000
1111111001010110
0000001000100000
1111110110010101
1111011110000011
0000001011111101
1111110010011100
0000010100000001
0000001000011101
0000010001100100
0000011010010111
0000011011000111
0000001011011011
1111111110111111
0000000010100111
1111101010011011
0000001100010011
0000000010111000
1111110000101000
1111100011001100
1111101001000101
1111111110010011
0000001101100000
0000001101010101
1111101110110111
1111110101011101
0000000100001100
0000001000100011
1111110010001011
1111111100111110
1111110010110111
0000010001100111
1111110000101001
1111110111000111
0000001010000111
1111110010101010
1111101100100010
1111100110111010
1111111000001000
0000001001001001
1111110011010011
0000000101011010
0000000110111000
0000000000101100
1111101010010101
1111110101100111
1111101110100110
0000000011111100
0000000101110011
1111110110101110
0000001101101001
0000000000110100
1111111001111011
1111110101001010
0000000110011011
0000011001011110
1111100011101011
0000001001011001
0000010000110011
1111110001001110
0000001010011011
0000000111010100
1111110100111001
0000001111110001
1111111101101000
0000001001100101
0000001101100001
1111111101100010
1111111010100110
1111110000011000
1111110010110111
0000000000111001
0000000101100010
0000010010010100
1111111100111110
1111111101011000
1111111111010000
1111111010110011
0000000010101110
0000010010011010
0000000100100101
1111110011010001
0000000101110001
0000010000010101
0000000111000101
1111110011101101
0000001011110011
0000000110100010
0000001111111110
0000010000101001
1111111100111011
0000001010011110
0000000010001001
1111100110111101
0000000110001111
1111110111000010
0000001000001110
0000000000111000
0000000011001101
0000000000011010
1111101001110100
0000000110101101
1111110001111100
0000000011110011
1111111110001100
0000010000001011
1111111000010111
1111110110001001
1111101010011000
0000010110000001
0000001001110110
1111101101001101
1111111111010111
0000001110101001
0000000010010100
1111101110011100
0000000111011111
0000001010100110
1111111100111001
1111101011000010
0000011000000100
0000011100110001
1111110111000011
1111111110111101
0000010000110001
0000010001010001
1111110001001110
0000000010101011
1111011110011010
0000001000101110
0000000101001100
0000011000000100
0000000001101011
0000000101000110
0000000110011101
0000001101000101
0000010100101101
1111101101010111
0000001011100010
0000001110110110
1111111010000111
0000000100000011
0000000011011111
0000000010101011
0000001011101100
0000010100101010
0000000111101101
0000001101101000
1111110100100110
0000000100111000
0000001110000011
1111111110001100
1111110011001101
1111110100001001
1111101011110001
0000000000101001
0000000100101101
1111111110001010
0000001110110011
1111111001100011
1111110011000100
1111111000100000
1111101101101110
1111110101110011
1111110001010111
1111110110100100
0000001100001011
1111111100111110
0000000101001000
1111101101101101
1111101110111101
0000000110101010
0000001010011001
1111110101010100
1111111101011100
1111111010010110
0000001001010000
1111110101100011
1111110100001100
1111111000100100
1111111011010010
1111110100010011
0000010111110100
0000000010000111
0000010011101010
1111110011011010
1111111101100010
0000000011100111
1111111010111001
0000001011010000
1111110101001010
0000010000010001
1111110100001011
0000001100101001
1111111111000010
0000010011100001
1111101011011111
0000000001101100
1111110100111001
0000000010100010
0000010001001010
0000001001000111
1111101011000100
0000010101000111
1111101100010110
1111110101000000
0000000010111101
0000011100101100
0000010111011011
0000000110001010
0000000110111010
