11111011
11111100
00001011
11111110
00000010
00000101
00000100
11111100
00000100
00000111
11111101
00000101
11110101
11111111
11111101
11111111
11111100
00000001
11110100
11111111
11111010
11111001
11111101
11111100
00000100
00001000
11111000
11111111
00000111
00000100
00000011
11111101
11110111
00000000
00001000
00000010
00000001
00000110
11111001
00001010
11111011
00000101
11111000
11111101
11111101
11111111
11111011
00000010
00000000
11111101
00000001
11111011
00000000
11111111
11110101
00000100
11111011
00000000
11110101
11111100
11111111
00000010
00000011
11111100
11110111
11110111
11111100
00001001
11111111
11111101
00000001
11111010
11111110
00000000
11110100
00001001
00000001
00000101
00000101
00000001
00000111
00001011
00001011
00000010
00001000
11110110
00000101
11111100
00000011
00000010
11110010
11111000
00000101
11111101
11111011
11111101
11111000
00000011
00000010
11110010
11110101
11111001
00000011
00001010
00001011
11111100
11110101
11111111
00000001
00000101
11111100
00000000
00000101
00000100
00001001
11111000
00001011
11111101
00000110
11111110
00001000
11110110
00000100
00000100
11111110
00000011
11111000
11111010
11111011
11111001
11111101
11111100
00000100
00000101
00000000
11111110
00001011
00001110
11111011
11111000
11111001
00000000
11111011
00000111
11111101
00001010
11110100
11111001
11111111
11110101
11111011
11111101
00000110
00001000
11111111
00000010
11111110
11110111
00010100
11110110
00000100
11111010
11111111
00000011
00000110
11111110
00000011
00000001
11111011
00000010
00000110
11110100
11111101
11111110
11111111
11110111
11111110
00000100
00000000
00000001
00000011
00000001
00000100
00000111
11111111
11111000
00001010
11110010
11111100
00000110
11111110
11111111
11111011
00000001
00001010
00000110
00000001
00001000
11111110
11111010
11101111
11110101
11111111
00001000
11111100
00001010
00000000
11110001
00000100
00001000
00000010
11111011
11111010
11110100
11111110
00000011
11111111
00000011
11111100
11111100
11111010
11111110
11111011
11111100
00000011
00000110
11111011
11110100
00000010
00000101
00000010
00000101
00001010
00000100
00000000
00000000
00000001
11111110
11110101
00000010
00000010
11111101
11111010
11111011
11110011
11111101
00000100
00001001
00000011
00000011
00001110
11111011
11111100
11110011
11111001
00000100
11111111
00000000
00001000
00000000
11111101
11111100
11111011
11111110
00000011
11111001
00000111
00000110
11111110
11110111
11110110
00000001
00000111
00000000
11110111
11111101
00000110
00000110
00000100
00001000
11111000
11111011
11111100
11111100
00000001
00000011
11111101
00001011
00000001
00000001
00000100
11110100
11111101
00001010
11111101
00000011
11110101
00000001
00000011
11111110
11111001
11111100
11111100
11111000
00001001
11111010
00000101
00000001
00000110
00000100
11111111
11110100
00000010
00000010
11111010
11111101
00000000
00000110
11111111
11101111
00000010
00000010
11111011
00001010
00001010
11110101
00000010
00000101
00000001
11110111
11111010
00000010
00000011
11110110
11111101
11111011
00000110
11111111
00000110
00000010
11111010
11111000
00000011
00001101
11101100
11111110
11111101
00000011
11110111
11111011
00001011
11111011
11110101
11111010
00000101
11110110
11111011
11111001
11111110
00000010
11111111
00000011
00000111
00001011
00000011
00001011
00000010
11110101
11111001
00001010
00000111
00000001
00000111
11111101
00000000
11111011
11111111
11111111
00000010
11110100
00000101
00001010
00000011
00001001
11111100
11111100
11111011
00001110
11111100
00000011
00000101
11111101
11111101
11111000
00000010
00000010
00000001
00000100
11111100
00000000
11111110
00001000
11111111
11111110
11111011
00000001
11111001
00001101
11111110
00000101
00000011
00000000
00000110
11111010
00001001
00000110
00000000
00000010
11111011
11110110
00000101
00001000
11111110
11111011
11110110
11110111
00001101
00000100
11111110
11111100
11111111
00000001
11110001
00000111
00000111
00000011
00000011
11101110
11111111
11111100
11110110
00000110
11110111
00000011
00001000
11111101
00000001
11110100
00000000
00000010
00000010
00000001
11111110
00000000
00000010
00001000
00000100
11111110
00000000
00000000
00000101
11111011
00001000
00000010
11111101
11111110
00000001
00000000
00000110
00000101
11111011
00000111
11111000
11111110
00001110
00000011
00001100
11111001
00000100
00000010
00000011
00001001
00000001
11111011
11111001
11111001
00000111
11111011
00001001
00000010
00000000
00000000
00001101
11110001
00000100
11111001
00000111
00000001
00000100
11111111
00001000
11111010
00000001
00000000
00000110
00000110
11110011
00000010
00000100
11111011
00000100
11111100
11111010
11111111
00000100
00001011
00000011
00000001
00000110
11111111
00000011
11111101
11111010
00000111
00000011
11111110
00000111
00000000
11111101
11111110
00000111
00000010
11111111
00000000
00001000
11111000
11111101
11111111
00000101
11110000
00000101
11111101
11110101
00000011
00000111
00000011
11111000
00000000
11111110
11111100
00001000
00000010
11110110
11111101
11111111
11111101
00000010
11111011
11111111
11111000
11110111
11111111
00000011
00000011
11111001
00000111
11111111
00000111
11111001
00001011
11101101
00000000
11111001
00000001
11110110
11111110
00000010
00000010
00000111
11111010
11111111
00000000
11110010
00001001
11110111
00000001
11111001
11110111
11111110
00001101
00000001
11111011
11111001
11110101
11110011
11111010
00000011
00000011
11111001
11111110
11111101
11111101
11111011
11111001
00001011
11111010
00000101
00001011
11110110
11111000
11110100
11110101
00000101
00000111
00000011
11111000
00000101
00000001
11111011
11111001
00000001
00000011
11111101
00000001
11101111
00001100
00010000
11111101
11111010
00000110
00000011
00000001
00000100
11111101
11111101
00000001
11111110
11111001
00000011
00000011
00000010
11111110
00000010
00000011
00000010
11111110
00001001
00000001
11111101
00000001
11111100
11111000
00000001
00001011
11111110
11111110
11111111
00000100
00000000
00000011
11111111
00001001
11111100
00000110
00000101
11111000
00000101
11111100
11111001
11111001
11110110
11110101
11111001
11111011
11111000
11111010
11111000
00001000
11110100
11111010
00000001
11111100
11111011
00000000
11111111
00000001
11111111
00000011
00001000
00000100
11111111
11111110
11111000
00001001
11111010
00001000
00000000
11111000
11110111
00001011
00000000
00000011
00000100
00000001
11111011
00001100
00000100
00000110
11111001
00010100
00000111
11111100
00000001
11111010
00000001
11111101
11111011
00001011
11111100
00000101
11111100
11111111
11111101
11111110
11111010
00000000
11111110
11111100
11110001
11111100
00001001
00001001
00000000
11111111
00000001
11111100
00000010
11110100
00000100
00000001
11111011
11111011
00000001
00000010
11111111
00000101
00000011
11111010
11110011
11110011
11111101
00000001
11110110
00000001
11110110
00000111
11111101
11110110
00001000
11111111
00000110
11101111
11111100
00000000
11111110
00000111
00000100
11111010
00000110
11111010
11111100
11110111
00000000
11111010
11111001
00000100
11111100
00000010
00000110
11110001
11110101
11111001
11111110
00001001
00000100
11111000
11111101
11110011
11111111
00001000
11111010
11111100
00000000
11111100
00001000
11111100
00000110
11111110
00000110
00000010
11111111
00001011
11111100
11111110
00000010
11111101
00000000
11111011
11111100
00000100
00000001
00001010
11111111
00000010
00001110
00000001
00000001
00001000
11111000
00001000
00000000
11111011
00000010
00001001
00000011
11110111
11111011
00000011
00000000
11111110
00001110
00000101
11111001
00000101
00001000
11111101
11111100
11111001
00000000
11111111
11111011
11111111
00000011
11111111
11111111
00000111
00000100
11111100
00000011
00000100
00000001
00000000
00000011
00001100
11111100
00000000
00000110
00000001
11110101
11110101
00001110
00000011
11111101
11111100
00000010
00000100
11111100
11110111
11110010
00000000
00001010
00000111
00000001
00000010
00001100
11110111
00000011
00001010
00000000
00000101
00000010
00000111
00000101
00001100
11111101
11111100
11110111
00000010
11111111
11111110
00000011
00000110
00001010
00000110
11110111
11111010
00000001
00000100
11110110
00000101
11111110
11111100
11111101
00000100
00000111
00000011
00000011
11111111
11111010
00000110
00001001
00000011
11111011
11111000
00000101
11111001
11110110
00000011
11111111
00000000
00000110
00000001
11111011
00000101
00000000
11111111
00000011
11110111
11111100
00000010
00001001
00000101
00000000
00000110
00000011
00001100
11111101
00000100
00010000
00001111
00000101
00000111
11111001
00000001
00000110
00000111
11111110
11111011
00000001
00000110
11111010
11110110
00001110
00000001
00000000
00000011
00000101
00000011
11111101
00001000
11111010
00000000
00000111
11110001
00000011
11111110
11111011
00000110
11111100
11110000
00000001
00000001
11111101
00000011
00000000
11111001
11111101
00000010
00000010
00010000
11111111
00000010
11111100
11111011
11111110
00000010
00001000
11110100
00000000
00000101
00000100
11111111
00001000
11111011
00000111
11111001
00001100
11110111
00001111
11111101
00000100
11110111
11111101
00000110
00000101
00000010
00000001
11111110
11111101
11111011
11111101
11110100
11111101
11111111
11110111
11111111
11111101
00000100
11111001
00000011
11110010
11111010
11111111
11111110
00011001
00000111
11111010
00000011
00001011
00000001
00000011
00000001
00000000
11111111
11111010
11111101
00000111
11111001
11111100
11111111
00000000
00000100
00000000
00000001
11110011
11111101
00000011
11111110
00000001
11111001
11111111
00001010
00000000
11111000
00000101
00000001
11111101
00001011
11111000
00000010
11111110
11111100
11111101
11110100
11111001
00000011
00000001
00000101
00000000
11111001
11111001
11111111
11110001
11110101
11111010
11111110
11111010
11111101
11111111
00000011
11111111
00000011
11111111
00001000
00000010
00000110
11111010
11111110
11110111
11111000
00000101
00000100
11111100
11111110
11111001
11111010
00000011
11111101
00000000
00000000
00000001
11111011
11111011
00001011
00001010
00000010
00000100
00000000
00000000
11110010
00000101
00001001
00000000
11111111
00000000
00000000
00000100
00001001
00001100
11111110
00000001
00000001
11111101
00000001
11111111
00000100
00000100
00000011
11110110
00000001
11111010
00000101
00000101
11111000
11111110
11111001
00000110
00001100
11110101
11111100
00000101
00000011
00000010
11111101
00000111
11110011
11111010
11111111
00000100
11111111
00001101
00000011
00000100
00000100
00000011
11110010
00000010
00001011
00000101
11111111
11111101
11111110
11111101
11111110
00000011
11111010
00000011
11111001
00000111
11111101
00001000
11111011
00000001
00000101
11111011
00000000
00000000
00000001
00000011
11111010
00000011
00001011
11111100
00000001
00010010
00001111
11110011
00001000
00000101
11110111
00000011
00000101
11111111
11110111
11111110
11111110
11111011
11111011
00000110
11111100
00000011
11111101
11111011
00001001
11111001
00001010
11111010
00000011
00001001
00000010
00000011
00000111
11111001
00000011
00000101
11111100
11110001
00000011
11111111
00000101
00000011
11110011
11111011
11110011
11111101
11111001
11111000
00000011
00000011
00000011
11111111
00000001
11111100
00000011
00001110
00000000
00000111
11111101
00000101
00001000
11111011
11110100
00000010
11111010
11111000
11111100
11111111
00001010
11111111
11101111
11111100
11111000
11111110
00000010
00000110
11110110
00000001
00000011
00000110
11111111
00001100
11111001
00000011
00001000
11111111
11111100
11111100
00000000
11110110
00000001
11111001
11110111
00000100
11111010
11111111
11111000
00001001
00001010
00000010
11111001
00000010
11110110
11111110
00000011
11111000
00001000
00000111
11111101
00001110
11111101
00000001
11111000
00000001
11111110
00000010
00001001
11111010
11111101
00000100
00001000
00000100
11111011
00000100
11111111
11111110
11111001
00001001
00000011
11111011
11110110
00000001
11111011
00000001
00010000
11111110
11111110
00000001
00000010
11110110
00000101
11110111
11111111
00000101
11110110
11111111
11111111
00000010
00000000
11111100
11111101
11111111
11111101
11111110
11111011
00001001
00000011
11110111
00000100
00000011
00000011
11111111
11111100
11111111
11110100
00000010
11111111
11111011
11111011
00000011
00001001
00000011
11111000
00000110
11110100
11111001
00000100
11111010
00001110
00000100
11111011
11111101
00000010
00000110
11101111
00000011
00000110
11111000
00000000
11111111
00000110
00000001
00001100
11110100
11101111
11111110
00000011
00001011
00001010
11111111
11110110
00000100
11111110
00000101
00000100
11111011
00000011
11111111
11111111
11111110
00000101
11111010
11111011
00000000
00000001
11101010
11111000
11111100
11110111
00000100
00000010
00001101
00000110
00000011
00000110
11111111
00000111
11111111
11111011
00000101
00000000
11111111
00001000
11111011
00000001
00010000
11110110
00000010
11111110
11111001
11111001
11111101
11111011
11111111
11111011
00000111
11111101
11111000
11110111
00010000
00000001
11110110
11111000
11111000
11101101
11111101
00000101
00001001
11111111
00000001
00001010
00000100
00000000
00000110
00001010
11111001
00000011
00000001
11111111
11111001
11111011
00001101
00000100
11111101
11111001
11111111
11110100
11111010
11111111
00000101
11110000
00000001
00000000
00000101
11111111
11101111
00000000
11111011
11110011
11111001
11111001
00000111
11111111
00000000
11110110
00000011
00000000
11111111
00000011
11110111
11111011
11111001
11111111
00000011
00000000
11111111
00000011
00000101
00001001
11111110
00000001
11111110
11111111
11110111
00000110
11111111
00000110
00000100
11111110
11111001
11111110
11111010
11111101
11110110
00000100
00000001
00000101
00000011
11111001
00001011
00001000
11110010
00000000
11111011
11110001
00000001
11111001
00001000
11111011
11110111
11111110
00000001
00000111
11111101
00000110
00000101
00000100
11111101
00000110
00000001
00000011
00000001
11111011
00010101
11110111
11111110
11110110
00001000
11111100
00000100
00000110
11111001
00000101
11111101
00000101
11110111
00001100
00000001
11110011
00000010
00000010
00000110
00000011
00000100
11111011
11111010
00000001
00001100
11111100
00000000
00000000
11111010
00001100
11111000
11111111
00000000
00000100
00000010
00001010
00000100
11111010
00000001
11101111
00000001
00000101
00001011
00000000
11110011
00000011
11111011
11111111
00000110
00000011
00000110
00000010
11110011
00000101
11111001
11111011
11111001
00001010
11111011
11111111
00000001
11110101
00000001
11110111
00000111
11111100
00000000
00000011
00001010
00000001
11111110
11111011
11111111
11111110
11111101
00001100
11111000
11110111
00001000
11111111
11111011
00000001
11111000
11111100
11111001
11111100
00000110
11111001
11111111
11111101
00001001
11111001
11111110
00000010
11111101
11111011
00001110
11111101
00000001
11111011
00000110
00001001
11110101
00001000
00000010
00000011
00000100
11111010
11110110
00001111
11111001
00000010
11111110
00001001
11111010
11111101
00000000
00000011
00000100
11111011
00000110
11111111
11110111
11111110
11110010
11110010
00000010
00000101
11111101
00000111
00000000
11111000
11111101
11110011
00000101
00001100
11110100
00000101
00001000
00000100
11111110
00000111
00001001
11110110
00000001
11111111
00001010
00000001
11110100
11111000
00000101
00000111
00000100
11111101
00000101
00000100
11110111
11111110
11111001
00001101
11111100
00000001
00000100
00000101
11111001
00000001
11110110
00000001
11111000
11111011
00000011
00000000
11101011
00001100
00000101
00000111
11111101
11110010
00000001
11111100
11111100
11111111
00000110
00000011
11111001
11111010
11110011
00000010
00000010
00000011
11111101
11111010
00000000
11111101
00000010
00000010
00000010
00000001
00000001
11110011
00000100
11110101
11110101
11111011
11111111
00001100
00000001
00000000
11111000
11110111
00000001
00000000
00000111
11111001
00001000
00000111
11111010
11111001
11111111
11111011
11111001
11111100
11111100
11111010
00000011
00000000
11111110
00010100
00000011
11110001
00000010
00000000
00000011
00000011
11111110
00010000
00000110
11111101
11111000
11111111
11111110
00000100
11111101
00001000
11111100
00000010
00000011
00000001
00000111
00000101
11111010
11111111
11110100
00000101
00000011
00000000
00001010
00001011
00001000
00001000
00000100
11111110
00000110
11111111
00000010
11111110
00000110
11101101
00001100
11111011
11111011
11111000
00001001
00001101
11111100
11111110
00000000
11111010
11111100
11111110
11111110
00000110
11110100
00000010
11111010
11111100
11111001
00000000
11111011
00000011
00000101
11111011
11111011
11101111
00001001
11111110
11110110
00000001
11111010
11111001
00010010
11111100
11110000
11111101
00000100
11111001
11111101
11111010
00000101
11111010
00000001
00000011
00000011
00000110
00001000
00000001
11111001
00000001
00001000
11111110
11111101
00000100
00000111
11111101
11111111
00000101
11110101
00000001
11111000
00000100
00000100
00001000
11111010
11111101
11111010
11111010
00000010
00000000
00000000
11111011
00000111
00000001
11111010
11111100
00000101
11111100
00001001
11111111
00001111
00001001
11110011
11111100
00000111
11111101
11111000
00000000
11111111
11111101
11111011
00000111
00000000
11111110
11111100
11111101
11110111
11111111
00001001
11111100
00001001
00001001
00000001
11111010
11111100
11111100
11111011
00001010
11111100
11111000
11111110
11111010
11111111
11110110
11111100
11111101
00000110
00000010
00000110
11111101
11111111
00000100
11110111
11111101
11111001
11111110
11111000
00000000
00000111
11111110
11111001
00000001
11111000
11111100
00000000
11110111
00000111
11111110
11111001
00000110
11111010
11111010
11111101
00000100
11110110
00000101
00000100
00000011
11110100
00000010
00001011
11110101
11111010
11111100
11110110
00000101
00000101
11111100
00000001
00001101
00000101
00000101
00000100
00000100
00000111
00000001
00000001
11111101
11111111
00000101
00000011
11111011
11111110
11111001
11111001
11111000
00000000
11111010
11110111
11111100
11111111
11111110
11110100
11111101
00000111
11111100
00001001
00000001
11111111
00000100
00000000
00000111
11111100
00001000
00000000
11111101
00000110
00000110
00000100
11111110
