000000010111
000000100111
111111110101
000010010111
000000010001
000001001001
111100001101
000001011011
000010100010
000000100100
111110001111
111111011100
111100010111
000000001000
111101110000
111110111111
000010100001
111111110000
111101110000
111101110010
111110101011
000010001111
000011000000
111111000110
111111100100
111110110111
111111101110
111111110110
000000101101
111111110110
111111100110
000000110111
111101101001
000010010101
111111001001
111101111011
111110111100
111110110001
000010000000
111111110111
000000101011
111111010101
111111010100
000010000100
111111110110
111110110001
111110000010
111101011111
000010100010
000000100111
111110011010
111111001011
111111111010
111110101110
111111011101
111110001111
111111000001
111101110011
111111000110
000010011001
111111000110
111101111000
111111001010
111111100000
000001001000
111100110111
000010110011
000010000001
111111001111
000000011110
111111001010
000001100100
000000100001
000010011110
111111110000
111110101100
000001101010
000000110110
000000101011
111110111101
111110111101
111101100011
111110110011
000010001101
111111011100
111111101001
111110000010
000000010101
111101011110
111110110101
000000010011
111110000111
000001011011
000001101000
111101011101
000001001110
111110010001
111111011010
000000101101
000000000000
000000000100
111111110100
111101000100
000001101101
111111011100
111111101010
111101111111
000000110001
000001001000
000000000011
111111110101
000001001110
000010100011
111111001000
111110011111
111111101101
000001100001
000001010011
111111010010
000000110010
111110100111
111111011010
111111111011
111111011000
000000101100
111110000111
111110111100
111111100111
000000110011
000000010011
111111110011
111101101001
000000101101
000001110111
000000000101
000001000000
111101101111
111110011110
111101110100
111111110001
111110111001
111111011100
111111110011
111111010010
000010000000
000001011011
111111010101
000000110010
000010011101
000010000111
000000110011
111111000011
000000001111
000000100110
000000001001
000001001100
000001001000
111110101100
000000001111
000000011001
000001010001
111111110000
000001100001
000001100001
111111101011
000010010110
111110100101
000001100110
000001011110
000010010101
000000101011
111111101101
111111000011
111101110000
111111001001
111100110111
000001001110
111111000100
000000001010
000000110001
000001001101
000001011000
000000100000
111110100010
000000110001
000000101010
111110100100
111111010000
111111101001
111111001111
111111011010
111111100001
111110001000
000000110000
111110000000
000000010010
000001000101
111111110110
000010101110
000000000100
000000010000
000001010011
111111111110
111111001011
000001000101
000000011101
000000101010
000010100011
111111011111
111110111111
000000010110
111111011001
000010101011
111110100010
111111100010
000000100001
111110111000
000000000100
000000110001
111110111101
000000001101
000001101000
111111111010
000001101000
000001110010
111111100010
000001010101
000010110100
111111000111
111110111111
000010000001
111111110011
111011011000
111111100111
000010001110
000000100000
000000101111
111111100110
000001100010
000000101101
111111101010
000000110111
111110111100
000010111100
111111101101
000011001100
000001110011
111110011011
111110110110
111110011000
111110000010
000000111111
111110100110
111111110010
000000011111
111111011011
111101100101
111110000110
111111011001
000010100111
111110100011
111111111100
000001111011
000000001001
000001100111
000000001110
000000010110
111111001000
000010010111
111110110011
000000001111
000000000100
000000110011
111110100100
111111110010
000001101110
111111011011
111111010001
111110110010
111110010010
111110100101
000000101111
000001101111
111111011110
111111001111
000011010011
000000011011
000000110101
000010000101
000000001110
000000011001
000001010011
111111101001
000010101011
111111011111
000001101001
111101010000
000000000010
000000100110
000000101011
000000110001
000000101010
111110111101
111110111100
111111110110
000000100010
000000000010
000000000001
111111111010
000000100011
000010010100
000000011100
000000110011
000000001010
000001000010
000000000101
111111011001
111101010011
000000101111
000000000000
000001110011
111011110001
111111110011
000001010100
000000000000
111111011110
000010111111
000001000001
000100001010
111111011011
000001111011
000000011111
000000101111
111111110000
000000010001
000000001101
000000010001
111111010000
111110111100
111111110000
111111111010
111111111110
000000010100
111111001000
000001010110
111101011111
111111000100
000000011111
111111111111
111111010111
000000111011
000010001101
000000010000
111101111101
000000100100
000001000110
111110001111
000000110000
111111101010
000000110011
000010010101
111111101101
111111000100
000001000011
000000110000
111111110000
111101111001
000000110001
000001011000
111111110000
111111000000
000011011100
000001100110
000000101110
111100100110
111111101011
000000101000
000001010011
111111010000
000001111110
111111001001
000001100101
111111110100
000010000101
111110110111
000001010110
000010000101
111111110111
111110000001
000000000011
000000000100
000010010001
000010110110
000000101010
000000000001
111110111101
111111010010
000000101000
111111110111
111111101000
111110001010
111111100101
000001000010
111111001100
111111101011
111111101100
000001000110
111110101001
000001101000
111111101011
111111110111
111111111111
111111001111
111110100011
000001010110
000001100111
000000011101
000001101001
000000010010
111110101001
000000110011
111100110100
111111010110
000000011000
111111011111
000001101010
111111101110
111111100111
111110000000
000001011001
000000011000
000000110110
000001101010
111101001110
000000101011
111111111000
111111011011
111110101101
111101011100
111111111001
111111010100
000000100010
000010011010
000001000101
111101111110
111110101011
111111111111
000001010100
000001100111
111111101011
000011011010
111111100101
111111100000
000010000001
000000111010
000000001000
111110010011
000000000011
000000010000
111111100110
111111110111
000000101110
000000101000
111110011110
000001100101
000001010101
111110000110
000100010111
000000100100
000001010101
111111110000
000001010011
000010000101
111110001000
000001011000
000000000111
000001001101
000000011010
000000010000
111110100110
111110111011
000001100110
000000010010
000000111000
111111101001
111111110101
000001010010
000000111101
000001011000
111111010010
111111011111
111111111100
111101000110
000000000100
000001100100
111101100001
111101010000
111111101100
111110011110
000000100111
111110111101
000001101101
111110100010
000000011011
111111011101
111110101100
000000100000
111100101111
111110000000
000010001010
000001111101
111101101111
111111011010
000000110110
000001010011
111111110011
111110110000
000000001110
000000100111
000000011011
000000000110
000000100010
111101011001
000001100111
111110100110
111110001100
000001110101
000000100000
000001001111
111101011110
111111101111
111110011111
111101111111
111111111111
111100100011
111111110101
000001000101
000001011100
000010111010
000000110011
000000110100
000000000010
111110101000
111110101011
111101110100
000010001010
000000100010
111111111110
000001010010
111111000011
000010001001
111110011111
000001010010
111110111001
000001111101
000000001100
111111011110
000000011000
000001001100
000000011110
111110011100
000001011100
000000001111
111111000101
111110011110
111111101001
000010000100
111111110001
111101101000
111111110001
000010000110
111110111011
000001010110
111110000010
000000101000
000000100001
000000111001
000010011101
111100010101
111111000111
000000001100
000000100010
000001011001
111111001100
000010001101
111111110001
111101100111
111110110111
000000100101
111111110110
111110111110
000000111111
111110110001
111111100100
000001101110
000000010101
111111110000
000011000000
000010010010
111110000001
000001100101
111110101101
111111011111
111111111010
000000001111
111111101101
111111111101
111110010110
000011011000
000010100000
000010001000
000001001001
111110101101
000000100101
111101101010
111111011000
111110000001
111110011110
000001000011
111111111000
111111100101
000001011010
111111001111
000000010100
111111111110
111110011011
111111010010
111111000001
111110000100
000001101111
000000010011
111110111001
000000000001
111110011010
000000100001
111110011111
000000100001
000010011001
111100011101
111111110111
000010110010
111110111111
000010010110
111110010101
000001111010
111110100100
000001001000
000000101001
000001110000
000000111101
111111000001
111111110001
000000101111
000011000101
111111111101
111101111010
000001110110
111111111101
111111100001
000000001101
000000011001
111110001101
111111000001
000000111111
111111100011
000001100010
000000111010
000011101001
111111011000
000000101101
111111111111
111111100101
111101101010
111111010101
000011000000
000000100101
111111010001
000011010000
111110011111
000000010110
111111101101
111110101111
111101101111
000000010011
111111100110
000010101010
000000110010
111111110111
111110000010
111110001101
000010101110
111111100000
111111110100
111111100101
000000010000
111100011101
111111110111
000000101101
000000100000
111110110100
000000011111
111101110001
000001000110
000000100111
000010010100
111101110100
000001100101
000011110011
111111010101
000010001111
000000111111
000010010110
111110110000
000001010011
111110000111
111101111000
111111001110
111111001111
111111001001
000001001101
000001011011
000000010001
000001001110
111111011100
111111101101
111111100100
000000100011
111111010101
000010001010
111100111110
111110100000
000001000011
111111111010
111110110100
000001000110
111111000111
000000011100
111110000111
111110001111
000011111011
000001001010
111110110001
000000001010
000000110111
000011000011
000001111000
111110111100
000010011010
000000110101
000001010011
000001011000
111111101101
111101010100
111111111100
111111100000
000000110101
000010101101
111110100111
111111000011
111101101011
000001010111
000000001000
000010011011
000000000011
000001011010
111110111000
000001000011
000011111100
000001100101
000000100000
000001001110
111111000100
000001001010
111111101001
111111001110
000001000001
111101000110
111101100111
000001000010
000000000001
000000011011
111110110001
111111111001
000010000101
000010001111
000010101101
000000001111
111111011111
111111110101
000001110010
111111001000
111111100110
111111110001
000001001101
000000011011
000000111101
111110010110
111110101110
111110101000
000011000101
000010000110
000000100001
111100100100
000010101010
111110000111
000000011001
111110011101
111111011001
111110000110
111111110110
000000111011
111111010011
000001000101
111111001000
111111011010
000001010100
000000001001
000000001111
000010011010
000000011000
111101010010
111111001001
000001011010
111111100001
111110100111
111111001000
111101000011
000000011001
111111101111
111110101011
000001000111
000000011001
111111101110
111111111000
000001010001
111111110001
000001101001
000000101111
111110001001
111111011111
000010001000
000001110011
111110011001
111110100110
111111001100
111110100110
111101111001
111111000000
000000001001
111110011101
111110011111
000000001010
111111000110
111110000100
111111011011
000000100010
000001111010
111111011111
111111000111
000001010101
111111100111
111111100110
111110110001
111101110011
000001100010
111111100000
000001101111
111111101000
111110100100
111111100100
000000000001
000001111010
000010100001
000010100011
111111001110
111111100001
000000111100
111101000111
111110000100
000000101101
111111010010
111111100111
000001110010
000000010100
000001010111
000001110010
000010011110
000000111111
111111110001
000001110111
111110001110
000000000011
000000101100
111110010001
000010001110
000000111000
111111100001
000000110100
000000010111
000001000110
111111001011
000100001100
111111111010
000000110100
000001001001
000001011101
111110000010
111111000000
111110010001
111111111101
111111001010
111110101101
000010111011
111111001000
111111111000
000000010001
111100100100
111110100001
111111010111
000001100111
111111001100
000000011101
111111001000
000001111001
000000111100
000000000110
000000011010
000000000001
000000111010
000000001101
111110111111
111110011010
111110101101
111111010111
000001110001
000000101110
000001111101
111101111001
000001010010
000010000011
000001101110
111110011011
000001110011
000000110011
000011010000
111111101111
111111111110
111111100010
000001000101
000000000111
000000000000
111100011010
111101001111
000000100110
111111011011
000000111010
000000101101
000000101101
111111001010
000000111010
000010101100
111111011111
111111000001
111111000100
000001000010
111111100010
000010010111
111110000011
000000101100
111110111111
111110100010
000000000101
000100000101
000010000011
111101111001
111111001110
111111100100
000000011010
111101110011
111111111001
111111001111
111111011110
000010101110
000001011011
000001000101
000000000111
000001011010
000000011111
111110011000
111111100001
000000111100
111111101101
000010101101
111111101111
111101111000
111110101111
000000010100
000001011110
111110100011
111111100010
111111011010
000001101010
111110100111
111111000101
000000110001
000001000001
000000010110
000000111101
000001000001
111111010000
000001101111
000001011110
111111100111
111111100010
111111111110
000000010011
111111011001
000000000110
000000100111
000001110010
000001010010
000011000000
000010001100
111111011100
000001010100
111111011111
000000010011
111100111011
111110011101
000000010011
000011010010
111110000001
111101111011
111110110110
111101011101
000000001001
111110101000
000001011000
000000010011
000001010011
000000111100
000000111110
000001000100
111111100011
111111011100
000000100011
111101110110
000000010011
111111001001
111100010000
000000010101
111110000111
111111110011
111110010111
111101111101
111110101001
000000011000
111111001101
111111000000
111111010000
000010101101
000000011000
111110110000
000000010100
000000111000
111111011001
111110011101
111110111110
111111101010
000000000000
111111110101
000001100100
111110000111
111110111011
111110011111
000000000110
111111100111
111111101110
000001100010
111111010110
111110110010
000000010010
111111010100
111101010110
000000101010
111111000001
111111100111
111110101011
111111011010
111101100100
000000111001
111100101101
111111000001
111111000000
000000100110
111110000001
111111000101
000000101011
000000101010
000001011011
000000010011
000001011010
000000111000
111111010000
111111011111
111110110101
000000000100
000001101000
111111000110
111111000010
000001111000
111111011000
000001011001
111111101101
000000011011
000001000001
111111101110
111111100001
111110110110
111100111111
111111101110
111111001101
000001101100
000010111111
111111011000
111110001001
111111010111
111111000101
000000001100
000000111000
111110011111
000000100100
111110000001
111101111110
000000000001
111110111100
111110101011
111111100110
000001011000
111111110001
111111111110
000001100111
000000110000
111111101100
111111100010
111111111111
000000100110
000010000001
111111010101
111110011011
000000100011
111111111101
111110110100
000000111010
111110011000
000000100100
000000000000
111110011011
000000111111
000000110010
111110110111
000000011110
000000101011
000001000111
111101111100
111111111111
111111110010
111111011100
111111100111
111101110110
000001101001
111111100000
000000010010
000001001101
000000111011
000000110001
111111101011
000011010000
111101010001
000001100101
000011000010
111111101110
111111100110
000000100101
000000010000
000000001101
111111111010
000000101000
111110110111
000000000001
000001010001
111111111100
000001001010
111110110001
111101001000
000001111000
111111111101
111101101101
000001011011
000000100111
111111011010
000001111100
111111100010
000000111110
111111101001
000000101011
111110100011
111111010110
000001110111
111110000000
111110011000
000000101011
111111010001
000000100110
111111111110
000001000101
111110101111
111101010100
111111101111
111101011010
000000100110
111111111100
111111111111
111111111010
111111110010
111110000111
111111101001
111111110100
000000001010
111111011010
000000101111
000001101011
000000000011
111111101000
111111011110
000001100110
000010110011
111110001010
111110000101
111111100100
111110101110
111111110011
111111110111
000010000010
000011001110
111101101010
000010001011
111101110111
000000100011
111111100011
000001101110
111111100001
111111001000
111100011100
000000000010
111111100110
000000101011
000000110100
111111001101
000001000000
111111000111
111111111000
000000001111
000000100001
111110001101
111111101100
111101011111
111111110111
000000101011
111110110000
111111100111
000001111001
111111101010
000000110110
000010010100
000010000001
000001100001
000010000101
111111011110
000000111001
111111110000
111100100011
000000010110
111111011100
000000010000
111111000011
000000011101
000000110111
000001011100
000001100100
111111111111
000000001001
111101011010
000001110001
111111111110
111111011001
111101011100
000001010110
000000100100
111111000000
000001101100
111110010010
000001010100
111111000110
000001011001
111111010100
000001101110
000010001001
000000011110
000000000101
000000101110
111110000011
111111001111
111111000111
111111011101
000000101101
111111101001
000001011110
111111011110
111111110000
111111001100
111111111111
111110010100
000000001111
111111010111
000001001100
000001101001
111110100010
000000001001
000001010011
000011100111
000001111111
000000011000
000001101110
000001111001
111111110111
111101101011
000010110010
111110110100
111110000000
111111011010
000000110101
111111010110
000001100010
000001000011
111110111111
111110010110
000000011001
000010000001
000010100111
111110000010
111110000110
111111100000
000000101110
000000110001
000001110000
000001111001
000001010010
111111110010
000010101000
111101101010
111111011110
000010011011
000001110100
111101010010
111110101001
000000000100
111111000001
111110111111
111100001101
000011000101
000000010101
111111011110
111111011010
111110000010
000000101010
000001111010
111110110011
000000011000
000001011001
000000000110
111110111010
111111111001
111110101110
000010000010
000000001110
000000011111
000001011010
000000011010
000000001110
111111011110
111111000100
000000010100
000000000001
000010001001
000000010000
000000100000
000010100111
000010100100
000001000001
000000001110
111101011011
000000010011
000001100001
000000110101
000000101101
000000001111
000010001011
000010100010
000001110101
000000110101
111111011111
111100110101
111111001110
111110011000
000000110011
111110111100
111111101101
111111100000
111101110011
000011011110
000001001101
000000101111
111111001111
111110011100
000010010111
111111001001
111111101111
111101101101
000001100110
000001010011
111111111100
111110000101
111111010000
000001101111
111111111100
000000010000
111101110100
111110110010
111111000010
111111110100
000011011101
111110011110
000010110100
000001010100
000000010010
111110010101
111111101010
111110111100
000010001101
000000011010
000000111101
111111001111
000000111101
000010000011
000010111100
111111001011
000001001111
000000110100
111111110001
111110111101
000010100101
111110010001
111111111110
000000010011
000000111001
111101100010
111111000110
000010101001
000000111011
111101110010
000000010011
111111111111
111111001111
000000000100
000000111111
111110111000
111110100101
000000100110
111111011100
111111000010
111101111000
000010000101
111111011101
111111100000
111101011000
000000010111
000001000000
111111111110
000000000010
000001011010
000000110111
000000101101
111101011111
111110111001
000001100110
000000110010
000000011010
111111011100
111110110100
111110111000
000000000111
000001000110
000001101110
111101010000
000000010111
000000000101
000000011100
111110100110
000000010001
000000111011
000001011001
000000110000
111111000101
111111101111
000001110001
111111110100
111110111011
111111110100
000001000100
000001111000
111110110100
111111110001
000010001001
111111110100
111111011001
000000101100
000000001110
111111010100
000000100100
000000011000
111111111110
000000100111
111111101000
000000110100
000010101000
111101111001
000011010110
000000111000
000000100110
000000111001
000001100101
111110000111
000001000101
000000101101
000001001110
000001100010
111111000010
000000000000
111111011100
000000110010
111111100110
111111111110
000000001000
000000110000
000100010010
111100101010
111111111101
000001111100
111110011011
111110111001
111111101111
111111101111
111111010101
000000100000
000010010010
111100110000
000010001000
000000101111
000011101111
111101111100
111111100011
111111001001
111110010111
000010010011
000000000101
111110100110
000001011011
111111001000
000000001110
111111100101
000000110001
111111110110
111111110111
000001101000
111110011111
111110111110
000001101101
111111011001
111110101011
111110110010
000001000111
000001010010
000000001011
000000010011
000011000010
111110111011
000001011101
000000101010
111101110000
111111010110
111110101001
111111010011
111111001011
111101010010
111111011000
000000010101
000010010110
111110011111
111110001111
000000101001
000000111000
000001010011
000001000010
111111101110
111111001111
000001010000
111110110000
000000111101
111101010001
000000111111
000001000101
000001101110
000000101100
111111011110
111111110101
000000111110
111110100000
000001110010
111110100000
000001011111
000000111011
111111001010
000011100101
111110111000
000010011111
111111110101
111110011100
000001010110
000001000000
111110110101
111111101101
000001001010
111110011010
111110111100
000000110010
000010010011
111111001010
111111111001
000001111011
111111000100
000000110110
111111111000
000000001011
111111100101
111111000101
111111111010
111101101011
000000101010
000001101100
111111110110
111111100010
000000100000
000000100011
000001010111
111111011101
000001101010
111111100000
000000001110
111111101000
111101011110
000001110110
000010001110
111111100111
000011000010
000001100000
111110100110
111111110010
111101111000
000011011101
000000010000
111101010100
000001100000
111110101010
111110011011
111111111000
111110001001
111111011100
111110111100
111111101111
111111000111
000000110111
111110101111
000000110110
111111011011
000000010001
000001100101
111101011110
111101111101
111100101111
000000111110
111101100100
000010101000
000000001011
111110001100
111110110001
111100111110
111110100011
000001011101
000000001011
111110100110
000000010010
000000010001
000000010110
000000000100
000000010000
000001110111
111110000001
111110000001
111110000100
111110101001
000010100111
111111011010
111110011111
111111010010
000000111001
000010100001
000010111110
000000011101
000001001011
000001000100
111111011001
000000101101
000001100011
111110000101
111100100111
000001101011
000010000101
111110101101
111110010001
111101010010
111110011100
111110111110
000000101100
000000011111
111110011010
000000000110
111111010000
111110111110
111111100000
000010000010
111111010111
000000100001
111111011111
000010010000
111111010100
000000100111
111111010111
000001011101
111111000011
111110010011
000011000110
000000001001
000001011010
111111011100
111110001010
111111100011
111110110110
111111001101
111110110000
111110111111
000001110011
111110001001
000000000010
111100011101
111111011101
111101110111
000000100011
000000011001
111100101001
111111001111
111111111010
000001000011
000001110010
000001011111
111110001100
000000010011
111111010001
000000000010
000000100001
111110110100
111101111101
111110011000
111111001000
000010001010
111110001001
111110100010
000001010001
111110101111
000000111100
111111000111
111111101011
111111101001
000001011011
000001100001
000000001001
000010110100
111111100010
111110001010
000000101010
000001010001
000001001101
000010110101
111111100101
111111001101
111101100100
111111010011
111111011100
111111011011
111110111011
111110100111
000000000100
000000010110
111111011101
000000001111
000000001101
000000100101
111111000100
111110111110
111111001001
000010000000
000001010001
000000101000
000001000000
000000101000
111110101001
000001010100
000000100100
111111100010
111111110011
111101111000
111111011011
000000111110
000000000100
000010001010
111101010101
111101100010
000000011011
000001000110
000001100000
000001000111
000000100001
111111110100
000011010100
000000010101
000000101111
111101101110
000001010110
000011000101
111111001101
111110101011
000000111100
000000000000
000000101010
111111101001
111111100110
000010111100
111111010011
111111011011
111111111011
000001010010
111111010000
111111101111
111101111011
000001111001
000011000101
111111000010
111110101100
000000010011
111111000111
000000111000
000000011011
000001010010
000001000001
000010011000
000001010000
111110010011
111111010000
111111100001
111110000010
111110000011
111101101101
000000000101
000000001000
111110111100
000000111101
000001100101
000011001010
111110110101
111110111101
111110101000
000100001011
111110000001
000001100000
000001010100
111110001011
111111011100
111110101010
000001001010
111111111110
000001100000
111111100100
000001000000
111111011000
000001011001
000010000001
111110100000
000000111110
000000000011
000000011000
111111111001
000010100000
111101110010
000000100000
111110111000
000000001011
111111101010
111111010101
000000100111
111110111111
000000011000
000000011100
000000100000
000001010001
111111111111
111110101110
111111011011
111110101100
111101011110
111111111101
000000110110
111111011001
000000101001
111110001110
000001011111
111110100000
000000111111
000000111001
111111110010
111101010011
000001000100
000001000101
000001000111
000001101101
000001001111
111111010100
000001001001
111111011011
111111100101
000000110101
000010101111
111111111110
000000101010
111101010000
000000111111
000001010100
111111001100
111111001110
000010111101
000001000000
111110110011
111111110111
000001001001
111111101101
111111100011
000000000010
000000010010
000000110001
111110110001
111111111101
111111011100
000000111010
000000110000
000000011110
111111010101
111110110100
000000111111
111011101111
111110100101
000000101110
111110110000
111111110100
111111100001
111111000001
111111011110
111111101111
111110110110
111110100111
000001010011
111111101010
