1111110100010111
0000000111110100
0000000011101011
1111111011101111
1111111111001100
1111110100001000
1111111110011001
0000001011110100
1111110100000100
0000000100010100
1111111111110011
0000000011111110
0000000001011011
0000001010110001
0000000010001000
1111111001110111
1111111111110100
0000000001010011
0000000011001101
0000000010000011
0000000111111100
1111111111001000
1111111001001010
0000000000010101
1111111011001000
1111111011011001
1111110110111110
1111111010001010
0000000010101001
1111111001100100
0000001001011001
0000001010110110
0000000001001110
0000000011111101
0000000111100110
1111111111111011
1111111010011100
0000001101010101
0000000110010111
0000000001111000
1111111110110010
0000001100110000
1111111110111011
0000000100111001
0000000000001010
1111111111001110
0000000101010001
1111111100111001
1111111001001111
1111110100111110
1111110101011001
1111111100010001
0000000100000000
1111111100101001
1111111111100111
0000000010111111
0000000101100001
0000000100011111
0000000011101010
0000000111001111
1111111101101111
0000001000010000
1111111100000000
1111111010011010
0000000011001100
0000000011001011
1111111011101000
1111111010000100
0000000100000010
1111111001000001
0000000100000110
1111111011010001
1111111110110011
0000000010101101
0000001011000100
1111111001111100
0000000111000000
0000000011100011
0000000100010010
1111111011011011
0000000010001111
1111111101010011
0000000110110100
1111111011000000
1111111011000011
0000000001000111
0000000100011000
0000000101101110
1111111110000000
1111111001101101
0000000010000011
0000000011111010
0000000011011111
0000001000110100
0000000000110101
1111111000010011
0000000001111010
1111111011100011
1111111110000000
0000000111110100
1111111101001011
1111111010111111
0000000011111001
1111111101001010
1111111011000100
1111111110110011
1111111000111100
0000001011100111
0000000001000011
1111110110010100
1111111011011011
0000000010110110
1111111001001000
0000000111010000
0000001000000100
0000000010011000
0000000000010111
1111110111100111
1111111010011100
0000000010101011
1111111001000011
1111111111101100
1111111011110000
1111111111100110
1111111011001000
0000000010100111
1111111100010100
1111111110110000
1111110100110110
1111111000101111
1111111111001110
0000000101001001
1111111001100010
1111111101011011
1111111001010101
0000000111010011
1111111110101101
1111111001101000
1111111001110001
0000001001101100
0000000110100010
1111111110011110
1111111110011111
0000000011001111
1111111110011111
0000000100011000
0000000001001010
1111111101011111
1111111100100111
0000001011100110
0000000101101111
0000000001101101
0000000110101010
1111110111010010
0000000011100100
1111111010100011
1111110100110101
0000000001110011
0000000001101101
1111111100101100
0000000010101111
1111110111010101
1111101111101001
1111110101000111
0000000000111111
1111111011011111
1111110111110101
1111111110001101
0000000011010010
1111111110101110
0000001001000111
1111111011101101
1111111001110011
1111111000011011
1111110101001100
1111111101100101
1111111010011010
0000001001111011
1111111101101101
0000000101000001
0000000000001110
0000000111010100
0000000100111011
0000000100010111
0000000000101110
0000000011100111
0000000010001010
1111111011100010
0000001010100010
0000000011110010
1111111100100100
0000000010000110
1111110000100111
0000000001110000
0000000100001101
1111111111001010
1111111100011100
0000000011100001
0000000000010101
0000000110100110
1111111010110100
1111111001100001
0000000010011001
0000000101000011
1111111011011111
0000000011011001
1111111101101010
1111111100000100
0000000011111010
1111111011001001
0000000010110110
0000000001100000
0000001000100101
0000000000110110
1111111001101100
1111111110101011
1111111110010010
1111110111110011
0000000001110011
1111111100101111
0000000100010100
0000001101011111
1111111110111101
1111111110110000
1111111110100010
1111111010100010
0000000100010000
0000000001110010
1111110111001111
1111110111001110
1111111010101011
1111111010011110
0000001001110010
0000000100010000
0000000011100000
1111110110100011
1111111111001111
0000000000110100
1111111001101111
0000000101001110
0000000011110100
1111111111000111
0000000011000111
1111110111100000
0000010000011101
0000000101100101
0000000011111001
0000000111011010
0000000100011001
1111111010000100
1111111001001000
0000001000100111
1111111100101000
0000000000101100
1111111011000011
1111111101110001
0000001010110100
1111111111011101
1111111100101001
1111111110100111
0000000110001000
1111111100100100
1111111111010001
1111111011110101
0000000000111011
0000000001000111
0000000111100111
1111111011100110
0000001001000100
1111111011001010
0000000011000001
0000000000110011
0000001000011110
0000000000111110
1111111110000000
0000000001011000
0000000100000011
0000000010111111
1111111010111000
0000000001000110
0000001010001000
1111110101010100
0000000001000010
1111111101010111
0000000000011011
1111111111101110
1111111001001010
0000000000101100
1111111001011011
1111111111010000
1111111010000010
1111111100100011
1111111000101110
1111111011100110
0000000011001111
0000000111110000
0000000110110100
1111111100001000
0000000010000001
1111111000111100
1111110011101110
1111110110011010
1111111110010101
0000001101001111
0000000011101100
1111110000100000
1111111011110110
0000000001000100
1111111000101100
1111110010111000
1111111111001010
1111111110101100
0000001011111011
1111111011110100
0000000011011101
0000000111101101
0000000010001100
1111111001101011
1111110100011010
1111111111000010
1111111100111011
0000001011100010
0000000000100101
0000000101100111
1111111010011011
1111111001000010
0000000000001111
1111111111010100
0000000000010101
0000000000010010
1111111101101011
0000001111000110
1111110110001011
0000001000000111
1111111110000110
1111111011111100
1111111111111001
1111111100100001
0000000110011101
0000000010111111
1111111011001001
0000000010111110
0000000111110001
1111111101100010
0000000000101011
0000000001001010
0000000010000011
1111111000111001
1111111111001111
0000000101111001
1111111011001010
1111111111100101
1111111010011100
1111111110110000
0000000001001110
0000000001101000
1111111011010001
1111111010001010
0000000000110110
0000000010101110
1111111000111001
1111111001000000
1111111011111100
1111110110101011
0000001010001000
0000000010110101
1111110101010010
1111111110101101
0000000000110011
1111110110010101
0000000001110000
0000000011001110
1111111110111000
1111111010010110
1111111100001000
0000000101000110
1111111111110000
0000000010101100
0000000011101110
1111111111101010
1111111100011101
0000000111101110
1111111011111000
1111111101111101
1111111101001001
0000000111011111
1111111011110111
1111111010011011
1111110111001001
1111111101100101
0000000011111100
1111111011111011
0000000010010001
1111110011101001
0000000000010100
0000000010001100
0000000011101011
0000001000111001
0000000001000011
1111111100010000
1111111111101111
1111111000001010
1111111111101000
1111111111000100
0000000010110001
0000000011001011
0000000101010101
0000000011110000
0000000000001000
1111111101110100
1111111111001100
1111111111111011
1111110001010000
0000000001000110
1111111100011000
1111111001010110
1111111000001101
0000000000111111
1111111110110010
0000000111011101
1111111000101011
1111110110110100
0000000011100011
1111110100001110
1111111101010010
1111111011011011
0000000100111110
1111110011101100
0000000000101111
0000000101100001
0000000011111101
0000000110001110
1111111000011010
1111111100010010
1111111001011001
1111111101000111
1111111110000110
0000000111011010
1111110101101110
1111111110101000
1111111011111010
1111111001111111
1111111011011000
1111111100001110
1111111101111000
1111111010100100
0000000010111111
1111111001001010
0000001101101110
0000000001101111
1111111110000000
1111111010101101
1111111011010000
0000000010001110
0000001011000100
1111111100100101
0000000010001100
1111111110101010
0000000011110110
1111111001010110
0000000101011011
0000000101001101
0000000011010010
0000000100111010
0000000010100100
0000000010101111
1111110111010010
1111111111000010
1111111100000000
0000001010110101
0000000010001111
1111111110011110
1111111101110100
0000000100001111
1111111101010110
1111111100100001
1111110011000100
1111111111100110
0000001010010101
1111111111111100
0000000011010010
0000000100111101
1111111001000011
1111111101100011
0000000100010101
1111111100000100
0000001001111110
1111111110100011
1111111101010111
1111110010101000
0000000001001010
1111111100010111
1111111010101111
0000000101111110
0000000000010000
1111110111010000
0000000011010111
0000000100101100
1111111011011111
1111111010000101
0000001000011011
0000000000110100
0000000001001110
0000000001010010
0000000110010011
1111110111100010
0000000100011111
0000001001100011
0000000000010001
1111111010111111
1111111101111101
1111111001101101
1111111111101111
0000000101000101
0000000101000111
0000000010111100
1111111101010100
0000000010111100
0000001110011110
0000000110101111
1111110100111000
1111111111011111
0000000001100100
0000000010100001
0000000110010110
1111111000100001
0000001000000000
0000000110101010
1111111101001000
0000000010100111
1111111000001000
0000001001101000
1111111111010100
0000000111111010
1111111100010001
0000000011011111
0000000110010111
0000000000001101
0000000010011111
0000000011110101
0000001000010101
1111111110101100
1111111111111010
0000000110010000
1111110101010001
1111111110010111
1111110101110010
1111110111100111
1111111101010111
0000000110010100
1111111000100000
0000001001110000
1111111011110100
0000001010011101
1111111100000100
1111111111000100
1111111011111110
1111111100111010
1111111111100001
1111110110101000
1111110111010001
0000000110011101
1111110110110111
0000000000010100
0000000010000110
0000000011101001
0000000100110100
0000000001000101
1111110111011111
0000000100100010
1111111001111010
0000000011100000
1111111000000001
1111111101110010
0000000001000110
1111111011010000
1111111110101011
1111111001011110
1111111011111110
1111111100010100
1111111111111001
0000000111011110
0000000010111100
0000000001101001
0000000001010111
1111111101110111
1111111110000011
1111111011110111
1111111011110111
0000000011111100
1111111101000010
1111111101111100
1111111110000110
1111111111111101
1111110010110111
0000000100000101
0000000100001011
0000000000110110
0000000010100011
0000001110000011
1111110110011011
1111111101111011
0000000100010101
1111111001001101
0000000100010110
0000000110100001
1111111001100110
0000000000001010
1111111001111010
0000000101111000
0000000010101111
1111111000101011
1111111000111100
1111111110111010
0000001010000101
1111111110111111
1111111010001110
1111111011110110
1111111100111011
0000000011000111
1111110111101011
1111111111010101
1111111001111110
1111111001010011
0000000000001000
0000000010001110
1111111110111101
0000000010100110
0000000101111011
1111111011101101
1111111001101100
1111111100011001
1111111010111001
1111111110101100
1111111011100101
1111111101100100
1111111101001101
1111111111111100
1111111100110011
0000000010110010
0000000100000111
0000000101101011
1111110010001111
1111111101000111
0000000100100000
1111111101111100
0000000000111010
1111110111000100
0000000001101100
1111111001000110
1111110111000011
0000001001011101
1111111101001000
0000000110111011
1111111001111111
0000000101111100
0000000010111110
0000000001110010
0000000100100111
0000000001010010
1111111100101100
0000000100011000
0000000110000001
0000000000011010
0000001100110111
0000000000001011
0000000000010011
0000000011110111
1111111000101101
0000000010100111
1111111111010010
1111111110111001
1111111110001010
0000001011001110
1111111111100101
0000000011011010
0000000110100011
0000000000001010
1111111101010111
1111111110011001
1111111010010000
0000000100010110
1111111111000111
0000000001000010
1111111001101001
0000000001111110
1111111110101000
0000001001100111
0000000010011010
1111111101000001
1111111111010100
0000000001001011
0000000010111100
1111111110000011
0000000111000011
1111111010110001
1111110111110011
1111111111011011
0000000101000110
1111111100001110
0000000101010001
1111111001010000
0000000110111111
0000000010110101
1111111111111100
1111111100011001
1111111000100101
0000001000011001
1111111100010010
0000000101110110
1111111101000001
1111111100101100
0000000010111001
1111111100000010
1111110101111011
0000000101001101
0000001110100111
1111111110001001
1111111011100010
1111111111010001
0000000111001001
0000000000110011
0000000001110100
0000000100101111
0000000001110111
1111111101111110
1111111010100101
1111110011001101
1111111110010100
1111111111010101
1111111001100011
1111111010111111
1111110111001110
0000000000000110
0000000011110011
1111110100110111
1111111110001001
0000001101010110
1111111110100011
0000000011000000
1111111111011000
1111111010100010
0000000001100101
0000000001100001
1111110111000000
0000000110100011
1111111101110001
0000000000101000
0000000001111001
0000000101010010
1111111010110110
1111111101000100
0000000010101100
0000000000001100
0000001011111010
1111111111011110
1111111010101001
1111111111100100
1111111100100000
1111111101101101
1111111111101010
1111111110100100
1111110101010010
1111111101001001
1111111011100110
1111110000100101
0000000001100100
1111110111110000
0000000001010010
0000000010001011
0000001000110110
1111111111101011
1111111011011010
1111111010110011
1111111101010011
1111111010101111
1111110011010011
1111110110011010
1111111011101111
0000000010110001
0000000011101101
1111111101011111
1111110110001001
0000000010110000
1111111111000001
0000000111010000
0000000011110011
0000001001000100
1111111010111001
1111110110101101
1111111111111000
1111111100010111
0000000001100011
0000001011001101
1111111111011010
0000000100010011
0000000110111111
0000001001100001
0000000011101101
1111111111010001
1111111100111110
0000000000110011
1111111100101110
1111110111101100
0000000011000111
1111111100001010
1111111011011001
0000000001000000
0000000000011111
1111110111111010
0000000011000011
0000000100011000
0000000101101001
1111110100010001
0000000001100100
0000000111100010
0000000100010101
1111111111101101
1111111110000000
0000000010001011
0000001000010011
1111111110100111
0000000101000001
1111111101100000
0000001010000011
0000000010000100
1111111011110001
1111110100000100
1111110111101011
1111111101101110
1111111101101010
0000000101110001
1111111110101111
0000000100010000
0000000011101110
1111111001110001
1111111100011100
1111111110110101
1111111001011000
1111111001011011
1111111011001100
0000001000000111
1111110111101000
1111111100010001
1111111010111011
0000000010110101
0000000010110111
1111111010111101
1111111011101000
0000000110111110
0000000100111100
0000000100101011
1111111001000000
0000001100110111
1111111111001100
0000000001001101
0000000110111011
0000001100101011
0000000010010010
1111111001101100
0000000010000111
0000000011010010
0000000100100100
0000000010100111
0000000010000010
0000000001011100
0000000010101101
0000000100001001
0000000110110001
0000000101011001
0000000000100010
0000000100101010
1111111011101111
1111111100111011
1111111011110111
1111111000010100
1111111100010000
0000000000000011
1111111010011001
1111111100111010
1111111011111000
0000000101110001
0000000001111100
1111111101111011
0000000010110101
0000000100001000
1111111110110010
0000000010101100
1111111111101000
1111111011110000
1111111101111100
0000000000001001
0000000011101010
0000000111011000
1111110111101010
1111111011000001
1111111000001001
0000000001011101
1111111110100000
0000000100111100
0000000000001001
1111111010010001
0000000110100100
1111110101101000
1111111111010111
0000000000110110
1111111101001010
1111111101100110
1111111011001001
0000000110011001
1111111010001001
1111111001111100
0000000101011111
1111111100101100
1111111000100110
0000000001111010
0000000100011000
1111111110101010
0000000100011110
0000000111111111
0000000100100000
0000000011000001
0000000001001100
1111110111010100
1111110101011111
1111111100001001
1111111111011000
1111111101111111
1111111010001101
0000000011110110
1111111000010101
1111111100111001
0000000111011001
0000001000101100
1111111010010000
1111111111111001
0000000000010000
1111111111011100
1111110111110001
0000001001101101
0000000000001011
0000000011101110
1111110011000000
1111110110111100
1111111010001110
1111111111001101
0000001000101010
1111111100101101
0000000000110111
0000000110100100
0000000110111101
0000001111110101
1111110110101000
0000001011100000
1111111110001111
0000001100110001
0000000010101110
1111111101100100
0000001010101001
1111111110000011
1111111010000111
1111111110111100
1111111011011111
1111111010110101
0000000100000001
0000001000111101
1111110010010110
0000000000101000
0000001000000100
0000001000001001
1111111111111000
0000000000110101
0000000011001010
0000000010100111
0000000101100000
1111111110010001
0000000101011011
1111111101001110
0000000010111011
0000000011010001
1111111001010011
1111111010110101
0000000100110101
1111111101010111
0000010000001000
1111110100010001
0000000101011001
0000000110101101
1111111101011010
1111111100011111
0000001001100111
1111111010110001
1111110001101110
0000000011101010
1111111011100010
0000000100111101
1111110101011111
0000001001100001
0000001011100001
1111111100100111
0000000100111111
0000000011001001
1111111111001101
0000000011111000
0000000010100111
0000000100101011
1111111101100101
1111111100001101
1111111011001100
1111111101011100
1111110110000010
1111111001000100
1111111100000101
1111111100110001
1111111101011001
1111110101111110
1111111000000001
0000000010001111
0000001001011101
1111111001100001
0000000010011110
0000000010111010
0000000100010110
0000000001010010
0000000010101111
1111111001111000
1111111011011101
1111111110010100
1111111111101001
0000000111101010
1111111101101101
0000000011101100
0000000100110111
1111111110001111
0000000001110100
1111111011010011
0000000001100000
1111110111011111
0000000001000010
1111111100110001
1111110110010010
1111111001100011
0000000011111111
0000000011000011
0000000101001110
0000001010111100
1111111011110010
1111111000111011
0000000010101100
1111111110010110
0000000000001110
1111111010111001
1111111000001010
0000000111011000
1111111010110111
0000001011100000
0000001011110010
0000001000010110
1111111101000001
0000000000000111
0000000000100001
1111111000011011
1111111110000101
1111111100100100
1111111001010010
1111111110011001
0000000001110101
1111111010000100
1111110100110100
1111111001111111
0000000101010100
1111111011001000
1111111110101111
0000000011111111
1111111100110001
1111111001111100
1111111001100110
0000001001001111
0000001010110110
1111111110111001
1111110111110111
1111111001101100
0000000111011010
1111111011110011
1111111010111111
1111111000100100
1111111001011111
1111111011010111
0000000010110010
1111111111100011
1111111001010001
1111111111001011
1111110100110001
1111111111100011
1111111000111100
1111111101100110
1111110100010111
0000000001011111
0000000010011000
1111110101011000
1111111011101001
1111111001110101
0000000011011000
1111111000010101
1111111100100111
1111110101011011
1111111101101101
1111111110110100
1111111100100000
1111111001001100
1111110110001100
1111111110010010
0000000011111010
0000000110000101
0000000011001100
1111111110111010
1111111001011000
1111111011000001
1111111111001000
0000000011000011
0000000101000101
1111111111110100
0000000010001101
0000000000100010
0000000001110010
0000000000110011
1111111011101101
0000000001011110
1111111010111101
0000001010110110
1111111111001111
1111111100000100
1111111100111001
0000000010100100
0000000010101100
1111111111100110
1111111110100010
1111111101101010
1111111111101000
0000000000010011
1111111001011110
1111111101100100
1111111101001100
0000000100000101
1111111101011000
0000000110101110
0000001001111011
1111110101011101
0000000111110110
0000001010010011
1111110011100010
1111111001110010
1111110010100111
0000000111011010
0000000110101100
1111110101111110
0000000110100000
0000000110001101
0000000011001010
1111111011100110
1111111010110111
1111111001111000
1111111011111011
1111111101001011
0000000100100100
1111111101011011
1111111010010100
1111111011101011
0000000010000111
0000000110011000
0000000101111001
1111110010011011
0000000100010100
0000000100001111
0000000000010101
0000000101011110
0000000010010110
0000000110000111
1111111011001000
1111111110101010
1111111011000101
1111111110010000
0000000110000101
1111111111100111
0000000001001011
0000000000000101
1111111100001000
0000001011000101
1111111000111111
1111111100010111
0000000010111111
0000001000001100
1111111101010101
0000000000111101
0000000001001101
0000000010111000
0000000000010100
1111111100010010
1111111110000000
1111111111010100
0000000011110000
1111110010010011
1111111100001111
0000000011000010
1111111001010011
0000000011100011
1111111100001100
1111111111000001
0000000100010101
1111111110000110
0000001100001101
1111110111111010
0000000100101100
0000000010010010
1111111010111011
0000000000100100
0000000010010001
1111111000001000
1111111110010001
0000000011011010
0000000110000110
0000000001101010
0000000011100101
1111111001110000
1111111110101000
1111111011100011
0000000010011000
1111111110000010
1111110110111111
1111111011101010
1111111010100011
0000001001000101
0000000101010001
1111111000000001
0000000001110110
1111111111010100
1111111010101111
1111111110100001
0000000010001000
0000000000001010
0000000011111110
0000000101100000
1111111011010101
1111111111100011
1111111011001111
1111111010010001
1111111111000111
0000000001101111
1111111010110100
0000000011011110
0000001000011000
1111111111010100
0000000000101100
0000000001010111
0000001010110001
0000001000010111
1111110111100000
0000000100101110
0000000100010100
0000000000111100
1111111100010101
1111111100101000
1111110101101011
1111111000011111
1111111110100111
1111110101101000
1111111111101100
0000000001000110
0000000001000110
1111110111100001
0000000110011000
0000000011000001
1111111111101100
0000000101010111
0000001000000000
0000001000110100
1111111110100101
1111111101001110
0000001001100001
1111111011110011
1111111111000100
1111111000011111
1111111001101101
1111111101110010
1111111110011110
1111111110110101
1111111110010011
1111111110000100
0000000001110101
1111111111110001
0000000100100011
0000000011111110
0000000001011000
1111111101011010
0000001011001101
0000000100010100
1111111110011010
0000000011000000
1111110111100101
1111111000111101
1111111101011010
1111111110101100
1111110111011110
1111111101100000
1111110110000010
0000000010110000
0000001101100111
1111111110001001
0000000100111001
1111110101000011
0000000110010111
0000000101000110
0000000100101100
1111111000000010
0000000001111111
1111111001110111
0000000010111000
1111111101000111
1111111111000000
0000000010001111
0000000001101001
0000000101101001
1111111110110001
1111111110000011
0000001000010001
0000000000000011
0000000001101101
1111111001011111
0000000000001111
0000000111001010
1111111100111000
1111111011011010
1111110111010000
1111111111111100
0000000001001011
0000000001001011
1111111101001110
0000000000001011
1111111001001101
1111111011010010
0000000001010000
0000001111001101
1111111111100101
0000000110011111
1111111101100011
0000000011011100
1111110100000000
1111111101011001
0000000010011010
0000001000100100
0000000101110111
0000000011110011
1111111101101110
1111111001100010
0000000110101011
0000000001101111
0000000101101000
1111111101000111
0000001001011010
1111111101011100
1111111110010000
1111111110011011
0000000100000010
1111110110001110
1111110110100001
1111110100110110
0000001011110001
1111111110011001
0000000000001001
0000000000110100
1111111000100100
0000000001010011
1111110000010010
1111111101011110
1111111000011110
0000000001010001
0000000000100001
0000001001111101
0000000011001001
0000000000110010
0000000000011110
1111111101011101
1111111100001111
1111111110100001
0000001000111000
1111111000011101
0000000101100001
0000000000001001
1111111101001010
0000000000010101
0000000111101101
1111111010011001
0000000011010001
0000001010100110
0000000101100011
0000001001110100
0000000011110001
0000000111110010
1111111010111101
1111111110011001
0000000011011011
1111111110011111
1111111011111111
1111111101001001
1111111101011100
0000000010000101
1111111110001011
1111111011011101
0000001101000011
1111111011001010
0000000001101100
0000000001111101
1111111001110010
1111111100001000
0000000001101101
0000000111001100
0000000000011011
0000000010110000
0000000110000010
0000000110101000
0000000011000111
1111111011110011
0000000001100010
0000000011011010
0000000111101000
1111111110100101
1111111111111011
1111111110001001
1111111010010010
1111111110001001
0000000000010001
0000001000111100
0000000010101011
0000000011110101
1111111011001000
0000000101011111
1111111100111001
0000000010001000
0000000000001110
1111111001110001
0000000001000010
0000001000001010
0000000110110101
0000000000101110
1111111111111010
1111111101111001
1111111110111111
0000000010110001
1111111111110000
0000001010000111
0000000100001111
1111111001001011
0000000111110101
1111111011111100
0000000001111010
0000000110011110
1111111010101011
1111110100011001
1111111110111001
0000000000000110
0000000010101000
1111111011010111
1111110000011011
0000000111011001
0000000000000110
0000000000001010
0000000110001101
0000000000111011
1111111110110001
0000001001000011
1111111010001011
1111111100100001
0000000110100111
1111111111011101
1111111011010010
1111111001010010
0000000001111110
1111111111111000
1111111101011110
0000000100110000
0000000111001011
1111111011101100
1111111111000100
0000000100010010
0000000101001000
0000000001011001
1111111110001001
1111111000100110
1111111010110011
0000000101000010
0000000001000101
1111111011100100
0000001010001111
0000000000010010
1111111001101110
1111111100000001
1111111101100011
0000000001111101
1111111111100001
0000000001000001
0000000101000010
1111110111010101
0000000011100101
1111111110000101
1111111001000001
0000000010001101
0000000101100111
1111111001011000
0000000011100000
1111111101000010
0000000011010100
0000001111011010
1111111111001011
1111110111101101
0000001011011100
0000000000001110
1111110111010010
1111111100100111
0000000011110011
0000000011001001
0000000110011011
0000001000010100
1111111110111000
0000000011101110
0000000010010100
1111111100011001
0000001001110111
0000000011111111
0000001000101010
0000001001100010
0000000110001111
1111111111100000
0000000001110110
0000000111011110
1111111011011100
0000000110001000
1111111110011110
0000000101111001
0000000011100101
0000000111110111
1111111001001101
1111111110000011
0000001000101110
0000000100011010
0000000101111100
1111111110011001
1111111001010110
1111110110010001
0000000000111110
0000000011100000
0000000001110110
0000001010111100
1111110111110110
0000000001111101
1111111100001001
1111111101011000
1111111101111001
1111111011011001
1111111100010001
0000000100010100
0000001001100001
1111111110010101
0000000000101110
1111111011010011
0000000000100010
0000001111011010
1111111111111101
0000000000111110
1111110111110111
1111111010100111
0000000101001011
1111110110101101
0000001001101101
1111111001000010
0000000010101001
0000000001110001
0000001001110100
1111111110011010
0000000001010001
0000000010101111
0000000111001001
0000000100100100
0000000110011001
0000000111100001
1111111111001011
1111111101011100
0000001000010110
0000000100001011
0000000001111100
1111111010011011
1111111110100000
0000000000001011
1111111010111001
0000000000011010
1111111101001101
0000000110011101
1111111110100111
0000000010011010
1111111110011010
0000000110000000
1111111001110001
0000000001011111
1111111111110111
0000000110100000
0000000000001001
0000000001011100
1111111011110100
0000000010100111
0000000000110111
1111111100000101
1111111101101100
1111111011011100
1111111111100100
0000000010100010
0000000010101110
1111111011111111
0000000111111111
1111111100000000
0000000100110010
0000000110011110
0000000000001111
1111111011010100
0000000100000010
1111111110001101
1111111111000111
0000000001111100
1111111110010111
1111111010011100
0000000000011001
0000001100011011
0000000000101100
0000000001111000
0000000000001010
1111111101111110
1111111110010100
1111111110101010
0000000011010110
0000000000100001
0000000011001111
0000001010010100
1111111010111000
1111110111101110
1111111111101001
0000001011111001
0000001011110000
0000000010110000
1111111110011110
0000000001110010
0000000011001011
0000000010110111
0000000001011100
1111111110011000
0000000000000111
0000000001000101
1111111100010101
1111111000011000
1111111110001000
0000000110100100
0000000010110111
0000001011100010
0000000000010100
0000000010010000
1111110110001110
1111111100101110
0000000101000101
0000000000111101
1111110100000111
1111111001010000
0000000110000111
0000000101100110
1111111110001110
0000000010100100
1111110101011101
0000000110010110
0000000101001110
0000000001001010
1111111001111010
1111111101101001
1111111100100011
1111111001000101
0000001100100110
0000000000010001
0000000000110001
0000001010110100
0000000100001010
1111111100100101
1111111010011111
0000001001010100
1111111100110111
0000000100110000
0000000100111100
1111111001001101
0000000001001111
0000001110010111
1111111100011101
0000000011111001
0000000111110101
0000000000111011
0000000110101111
0000000110010011
1111111101001111
0000000001011101
1111111101101101
0000000100110100
1111111010001111
0000000001000101
1111111100111000
1111111101100011
1111111111000011
0000000001000110
1111111101010011
0000001101000110
0000001000110000
0000000100101011
1111111111000100
0000000110110010
0000000110011110
0000000000000111
0000000001101001
0000000101100011
0000000100100111
1111111001100011
0000000101101101
0000000110001110
1111111111111001
1111111110010101
1111110101101000
0000000101100100
1111111010100111
0000000000110010
0000001000011110
1111111110010111
1111111101010011
1111111001101110
1111111110111111
0000000011011011
0000000000011110
1111111100110010
1111111111011010
0000000000110001
1111111001100111
1111110110111101
0000000110011100
1111111011011111
0000000000111110
1111111010010000
1111111100110000
1111111100000001
1111110111101101
0000000111011010
0000000101011000
0000000000111001
0000000011010100
1111111001000011
1111110111100100
0000000001110000
1111111100000110
0000000001101000
0000000001000000
0000000000001110
1111111000001101
1111111111100010
0000000000100000
1111111101100000
1111111011110100
0000000011010101
1111111110000110
0000000010001110
0000000101101111
1111110111111011
0000000101010100
0000000010010101
1111111110101011
1111111011110111
0000001100000010
0000000101000100
0000000110011001
1111110111111111
0000001100001001
1111111010000101
0000001000100100
0000001001011110
1111111100010111
1111111111011000
1111111101110000
1111111010101110
0000000101010011
1111111101010111
0000000000110100
1111111100000000
0000000101100010
1111111110101000
0000000001111011
0000000100001010
1111111101010010
1111111101001101
0000000000111101
1111110101100011
0000000011111111
1111111110010001
0000000001101101
0000000010110110
0000000000001000
1111111110011010
1111111100010101
1111111110101101
0000000000100000
1111111100011101
1111110110110100
0000001001111011
0000001101010000
0000000101001010
0000000110010110
1111111001100101
1111111101011001
0000000101000000
0000000110100011
0000000011101110
1111111010101101
0000000100010111
1111111110100111
0000000110010010
0000000001010110
0000000001000110
0000000010010111
0000000100111001
0000000010100111
0000000000110111
1111110110111101
1111111101110011
1111111001001001
1111111100100010
1111111010011010
0000000010101010
1111111111011101
0000000011011001
0000000111001010
0000000110111110
0000000001011111
1111111010000000
0000000010110000
1111111100111110
0000000010100000
1111111100010110
1111111110000100
0000000101000100
1111111101111111
0000000111101110
0000000101010000
0000000011100000
0000001000111110
0000000010100100
0000000001100010
1111111010100010
0000001000100001
1111111110110001
1111110111110100
0000000101111010
0000001000011011
0000000011100100
0000000111100010
1111111010000110
1111111101011100
0000001000000001
0000000011101001
0000000111001011
1111111010100110
1111111010011001
0000000110011100
0000001010101111
0000000011001010
0000001110001000
0000000110011111
1111111111001111
1111111011000000
0000000101101101
1111110110011100
0000000000000001
0000000000011011
0000000001000000
0000000000111000
0000000000100111
1111111100100111
0000000011100110
1111111101000100
1111111101101100
0000000110110011
0000000011100001
1111111111101101
0000000010100110
0000000100101111
0000000011011100
0000000111010000
0000000110100101
0000000010011110
1111110001111011
0000000000100100
0000000111101011
0000000001110001
1111111011101100
1111110110110000
1111111100100111
0000000000110100
0000000101001111
0000001101001101
0000000001010100
0000000000100000
1111110011101101
0000000001111011
0000000001111110
0000000101101001
1111111101001011
0000000001100101
1111111000000101
1111111011100001
0000000001000011
1111111111001011
1111111101100110
0000000110001110
0000000111111000
1111111000100101
0000000001001100
1111111010111101
0000000000010011
1111111010110111
0000000000101001
0000000110101001
1111111110111111
0000000000000100
0000000000100110
1111111100001111
1111111111101110
0000000100111010
0000000010010001
0000000111100001
1111111011000010
1111111111001111
0000000000010000
1111111101010001
1111110111000000
0000000100100100
0000000000001100
0000000010111111
0000000001100110
1111110110110011
0000000010001001
1111111111100001
0000000100001011
1111111011100011
0000000100100001
0000000001111000
1111111100111111
1111110111000101
1111111101100000
1111111111000101
1111111101100010
1111111101110001
1111111100000001
0000000101000110
0000000000001111
0000000100000001
0000000010110010
0000000000100110
0000000010100011
1111111011110010
1111111101100101
0000000111010001
1111111011101111
1111110111111011
1111111000011010
1111111110111111
0000001001011100
0000000010100001
1111110011111111
1111111010111000
0000000010110101
0000000111000110
0000000001110101
0000000010100101
0000000100011001
0000000110001011
0000000011000110
1111110011110101
1111111111111010
1111110111001001
0000000000100111
0000000000101000
0000000100001100
0000001101000010
1111110110000111
1111111101011111
1111111111011110
0000001000010111
0000000111010000
0000000011100111
1111111011101011
1111111101110111
0000001001000000
1111111101111110
0000000110100001
