1111110101
0000001001
0000000011
1111101100
0000000011
0000000000
0000011100
1111110111
1111111001
1111011110
1111110111
0000000111
0000000100
0000001011
1111010000
0000000001
1111100001
0000100011
1111110101
0000101001
1111110110
0000100000
1111101001
1111110101
0000001100
1111110010
1111101110
1111111000
1111110111
1111110011
1111101000
1111111011
1111101111
0000000001
0000001101
1111100011
1111111100
1111110100
1111110011
0000011010
1111010010
1111001111
1111100011
1111010110
0000000001
0000100101
1111111100
1111111001
1111110110
1111110010
0000001101
1111101110
0000100010
1111111110
0000101110
0000001101
0000110101
0000011011
1111011101
1111100000
0000001001
1111011111
0000001001
0000001101
1111101100
1111110100
1111101111
1111101110
0000001111
1111111111
1111010001
1111110111
0000000100
1111101011
0000001101
0000010000
0000001001
0000000101
1111110000
1111100110
0000001111
0000100111
0000010010
0000010000
1111011011
1111111111
0000001001
1111100000
0000011100
0000000111
1111111101
1111111101
1111110010
0000010011
0000001001
1111110110
0000011000
1111101011
0000011100
1111111110
1111001101
1111110110
1111111001
0000000100
0000010010
1110110001
0000001010
0000001111
1111111110
1111011111
0000101010
1111110000
0000011101
1111100000
1111111011
1111101000
1111011101
0000011010
1111010100
1111100010
1111001010
0000011010
0000010100
1111110011
0000001000
0000001011
0000010111
1111111111
0000101101
0000110100
0000000101
0000000000
1111011101
0000010010
1111100100
1111111010
0000000101
1111100110
1111100110
0000000011
0000011001
1111100011
0000010100
0000000111
0000000111
0000011010
1111100111
1111100110
1111100101
1111110011
1111101001
0000010000
0000100010
0000001100
1111110011
1111101001
0000011110
0000001111
1111100011
0000110111
1111110101
1111111100
0000001101
0000011110
1111110100
0000001110
0000100100
1111011101
0000001011
0000010001
1111110010
0000011011
1111100101
0000010011
0000001011
1111110001
0000001000
1111111101
1111111110
0000001111
0000001001
0000000101
0000000000
1111111100
0001001101
0000010000
1111101101
0000000111
1111111111
1111110001
0000000111
0000000000
1111111010
0000000000
1111110010
1111110000
0000101110
1111100010
1111110110
1111110000
0000001110
0000000100
0000000011
0000010100
0000010100
0000010010
0000001111
0000001011
1111111011
1111111100
0000011101
0000010100
1111101100
1111011001
0000001001
1111111011
0000001110
0000001101
1111101100
0000010100
0000011000
1111100011
0000100000
0000001100
1111101010
1111110001
0000001111
1111111011
1111110001
1111101011
1111111110
1111110101
1111101001
1111101010
1111010111
1111111011
1111110100
0000010100
1111101110
0000011101
1111101101
1111110001
0000010110
0000000111
0000100010
0000000111
1111111000
1111011001
0000010100
1111101110
1111111011
1111111101
1111101000
1111101010
0000010000
0000011011
1111101010
0000100101
0000011110
1111100110
1111111000
0000001111
0000000111
0000010001
1111011011
1111111101
0000001101
0000000101
1111101001
1111111111
1111011000
0000100110
1111111000
0000011000
1111101010
0000001000
0000100010
0000010011
1111101010
0000000000
0000000101
0000000011
1111111010
0000001001
1111001111
1111101010
1111110000
0000001110
0000000010
0000000000
0000000000
1111111100
0000011010
1111101111
0000010000
0000001100
0000000100
0000001101
1111100010
1111110001
0000001010
0000011111
1111110011
1111011111
1111111101
1111110101
0000010000
0000000111
1111110001
1111111111
0000100110
0000010011
1111111000
0000010000
0000001111
0000010101
1111101101
0000011110
1111111111
0000010000
1111111011
1111101110
0000000011
0000000100
0000001001
1111111011
0000100011
1111110001
0000011110
0000001110
0000100101
0000000101
0000001000
0000001010
0000010001
1111100001
0000000101
0000010111
1111110111
0000010010
0000011100
0000000100
1111111101
0000011101
0000001111
1111110101
0000000100
0000010000
1111111010
0000000000
0000001100
1111110110
0000100001
0000001001
1111100110
0000000001
0000010011
1111010001
1111011001
0000010111
1111111000
0000000111
0000010011
0000011100
1111010100
0000001001
1111111000
0000010011
0000100101
1111111111
1111100011
0000001100
1111111010
0000000000
0000101101
0000000100
1111101100
0000000000
1111111101
1111111000
0000110010
0000001110
0000100001
0000010010
0000000010
0000101110
0000001001
0000001100
1111110010
0000001110
1111101101
0000000011
0000000101
0000010101
1111110000
1111111101
0000001111
1111011010
1111110011
1111111001
0000000010
0000100001
0000001001
1111101010
0000101001
0000010100
1111011011
0000011111
0000100000
1111111001
1111110010
0000011101
1111111100
1111111011
1111101001
1111110011
0000001000
0000010010
1111110010
0000101000
1111111010
1111110100
0000001000
0000000101
1111111101
1111110100
0000100001
0000100011
0000000011
1111110101
1111001000
1111011011
1111111010
1111011111
0000001101
0000110001
1111110110
1111010111
0000000100
0000011010
0000000101
0000100111
1111010111
1111111010
1111101111
1111010001
0000010000
0000100111
0000000001
0000001000
0000011010
0000000101
0000000011
0000001011
0000011110
0000000100
0000000000
0000011000
0000101001
1111110011
0000001011
0000000011
1111110111
0000011000
1111100101
0000010000
1111011111
0000001101
0000001000
0000100101
1111110000
0000011010
1111110110
1111101010
0000000101
0000101100
1111101110
1111111010
1111111011
1111101100
0000000000
1111000111
0000000100
1111111000
0000000101
1111100110
1111111000
1111100101
1111101001
0000001100
0000000101
0000011011
0000011111
0000000000
1111111101
1111110011
1111101000
0000001001
1111101100
0000000000
1111111010
1111110001
1111101011
0000000110
1111111111
0000100001
0000000000
0000001010
1111010101
1111101111
0000000111
0000000101
1111100110
1111111000
0000100110
0000010110
0000000111
0000000001
1111101010
0000010010
0000001100
1111101111
0000000111
1111011001
0000001111
0000001111
0000000111
1111101110
1111111111
0000001101
0000001100
0000111000
0000000100
1111100000
1111111100
0000010000
1111111000
0000010011
0000010000
1111101111
1111111111
0000000000
0000010000
1111110010
1111101110
1111000011
0000001010
0000010100
1111101111
1111110101
1111111010
0000011011
0000000110
1111110110
1111101110
0000010101
0000001101
1111110001
0000011000
0000010010
1111001011
0000001010
1111110101
0000011000
0000000111
1111011111
1111011011
1111111111
1111101000
0000001110
0000101000
1111100000
0000010110
1111111111
1111110011
0000011110
0000011110
1111110100
0000011111
1111111110
1111100010
1111110101
0000000101
0000011011
1111101110
1111111000
1111100100
0000000011
1111110010
0000001000
1111101111
0000001101
1111111001
0000010010
0000000110
0000010001
0000110100
1111101011
0000011000
1111111101
1111111100
0000000011
1111111110
1111110111
1111111111
1111111100
0000001110
1111011111
1111111101
1111010111
0000101010
1111110001
0000011101
1111111111
0000000011
0000000010
1111010000
0000001110
1111100100
0000011000
1111111111
0000001011
0000001011
1111111000
1111110010
1111111010
0000011110
1111001110
0000100110
0000101101
1111110101
1111110101
1111011010
1111111110
1111100011
0000010110
1111011000
0000001100
1111101010
0000011011
1111011101
1111110001
0000000111
0000010001
1111101010
0000011111
1111101111
0000010101
1111111000
1111110101
0000000001
0000010001
0000000010
1111111000
0000011001
1111101000
1111101110
1111111100
1111100011
0000100010
0000000110
1111100011
1111111001
1111011111
1111111111
1111011010
0000000010
0000101001
1111111001
1111110110
0000001011
1111001111
1111111111
1111110000
1111111100
1111110111
1111111000
0000010110
0000110000
1111001100
1111101110
0000011011
1111110000
0000001010
1111011011
1111010101
1111100001
1111111010
1111111110
1111100001
1111110110
1111110111
0000010110
0000000011
0000000110
0000001100
1111111000
1111010000
1111101100
1111101111
0000001011
1111101001
0000001000
1111110100
0000100100
1111111110
1111101011
1111110001
0000011000
0000010000
1111110110
1111100001
1111111001
1111101110
0000100011
0000000101
1111111000
0000000010
0000000010
0000110001
0000110111
1111100011
0000100110
0000000111
0000000001
1111010111
0000010110
0000001111
1111011110
1111011101
0000001000
0000001001
0000100010
0000001101
0000001000
1111101110
1111111100
1111001010
1111110100
1111010010
1111101101
0000000100
1111111010
0000000011
1111101010
0000100100
0000010011
0000010000
1111111000
1111111010
1111110111
1111101101
1111100101
1111111000
0000000111
1111011111
0000001000
1111111011
1111011110
0000000110
0000000111
0000000010
0000001100
0000000110
0000000000
0000110101
0000110110
0000000011
0000000100
0000011010
1111111110
0000010000
1111111101
1111010101
1111111100
0000001111
0000011001
0000001001
0000100011
1111111000
0000000001
0000011100
1111111110
0000000111
0000011111
0000010010
1111111001
1111110001
0000010001
0000010011
1111111011
1111011000
1111110101
0000000100
1111011110
1111110000
1111111000
1111110100
1111100011
0000001101
0000000011
0000000010
0000101000
0000100010
0000011000
1111110010
0000011101
1111110001
1111011010
1111110101
1111101011
0000111100
1111101111
1111111010
1111110001
0000011000
1111101010
0000011010
0000010010
0000001011
1111011011
0000100110
0000101000
0000001110
1111100111
0000000000
0000010000
0000000011
0000001011
0000010100
0000010010
0000100101
0000000001
1111001100
1111001100
0000001000
1111111100
0000000100
1111110101
0000000010
0000010101
0000011010
1111110000
0000010011
1111111100
1111100101
0000000110
1111101110
0000101001
0000010001
1111001011
1111101100
0000100010
0000011111
1111010100
1111111010
1111111101
0000100000
0000000000
0000001010
1111110101
1111011111
1111010010
0000011001
1111110110
0000100000
0000000111
1111110110
0000000100
1111100110
0000000010
1111100010
1111110011
1111001100
0000100111
1111101001
0000001010
0000001100
0000000101
0000001001
0000000110
0000001001
0000000110
1111110010
0000000101
1111111000
0000011010
0000110001
1111110001
1111111011
0000000101
1111100001
0000011000
1111111101
0000000101
0000001001
0000010100
1111111111
1111111111
0000010111
0000000101
0000001001
1111100100
0000010000
0000011000
0000001000
0000001100
0000010111
1111110001
0000011010
1111101001
1111011110
0000001011
1111100111
0000011100
0000010100
1111111111
0000010000
0000001100
0000010001
0000011010
0000010001
0000010011
0000010001
1111111100
1111101010
0000100011
0000001110
0000001010
0000001100
0000010010
0000100101
0000011011
0000010011
1111101111
0000001101
0000000010
1111101010
1111110001
1111011010
0000001111
1111011001
1111111011
1111111110
0000010110
0000101011
0000001110
1111110110
0000000101
0000001101
0000010100
1111011100
0000010010
1111101011
1111111001
0000000011
0000010011
0000011100
1111110000
1111110100
0000010101
0000010000
1111101010
1111111000
0000000001
0000100010
1111111000
0000000110
1111100110
1111011000
1111110001
0000110011
0000000001
1111101100
1111110110
0000000110
0000101000
1111110100
1111011110
0000011101
1111111111
1111011101
0000000010
0000001110
0000110011
1111100101
0000011011
0000011000
0000000001
1111010111
0000010001
1111111100
0000000011
0000010100
1111011101
1111000101
0000010101
0000011000
1111100010
1111011011
0000111010
0000101000
1111111101
0000001100
1111101001
1111111101
1111101110
0000001011
1111100001
1111001110
0000000101
0000001010
0000010100
1111100111
1111100100
0000100011
1111011110
1111101010
1111110001
1111110001
0000011000
0000001110
0000000001
1111110001
0000011110
0000101110
0000001110
0000000110
0000000110
0000001011
1111100011
0000000001
1111111010
1111111111
0000010111
1111111011
0000010001
1111111100
1111111010
1111111001
0000011110
1111111010
0000010000
0000001000
1111100101
1111110000
1111111011
1111110010
1111011101
0000100101
0000000001
0000001001
0000010011
0000000000
0000011101
1111001010
0000000100
1111101110
0000001001
1111110011
0000100111
1111110100
0000000010
1111011111
0000000011
0000001001
0000010000
0000000101
1111101101
1111110111
0000100100
1111111110
1111010010
1111111100
1111110101
0000101100
1111101111
0000001101
1111011100
1111101001
1111101100
0000000000
0000000001
0000001000
1111111100
1111111010
0000000110
1111111101
0000000110
1111111101
1111110001
1111111101
0000011100
0000000111
1111100010
1111111100
1111111101
0000000001
0000000101
0000000110
0000100110
1111110010
1111111011
1111101101
1111101001
0000010101
1111111001
1111101101
1111010000
0000000010
1111111100
0000001110
0000001000
0000001000
0000001000
0000001111
0000001001
1111110001
0000001110
1111011100
0000010010
0000010101
1111101100
1111101000
0000110000
0000001011
0000000101
1111110111
1111101101
1111100101
0000001001
0000000001
1111111011
0000100100
0000010001
1111110100
1111100110
1111110110
1111110101
0000011111
1111110101
1111110001
0000000101
0000000111
0000100000
1111100111
1111100101
1111110000
1111000111
0000001101
0000100110
1111110011
1111011010
0000110101
0000011011
0000001111
1111100100
0000011011
0000001111
0000001000
0000001011
0000000000
0000000010
1111111110
0000100111
1111111001
1111100111
1111110000
0000001010
0000010000
1111100111
1111111011
0000010111
0000000100
0000100111
0000000011
0000010111
1111111111
0000000111
1111111111
1111111110
0000001101
0000000000
0000001000
0000010100
1111001010
0000011011
1111111010
0000101000
0000001001
0000000110
1111110111
0000001111
1111110000
1110111100
1111111100
0000001110
0000000111
1111111001
1111110000
1111101101
0000011000
1111100110
1111100010
1111110110
0000000111
1111110001
0000000111
0000110010
0000000000
0000101010
1111110111
0000000110
1111110011
0000001001
0000001011
1111111101
1111101110
0000000010
1111111100
0000011101
0000001011
0000001010
0000000011
1111111000
0000011001
0000111010
1111111011
0000011001
0000000010
1111110010
0000010100
0000001101
1111100110
1111101100
1111111010
0000001001
1111100011
0000001010
0000010001
1111010110
1111110101
0000100100
1111101110
0000001101
0000010011
0000010100
1111100010
0000000001
1111111011
1111010110
1111100110
1111100110
0000000101
0000011101
1111110100
1111001011
1111110110
0000000100
1111101101
0000001100
1111101000
0000010011
1111110101
0000001110
0000001101
1111111110
0000000100
1111100111
0000000101
0000001101
1111110100
1111101011
1111101101
0000100101
0000001010
0000001010
1111110000
0000010111
0000000111
0000010001
1111110101
0000000001
0000011101
1111011010
0000000001
1111101110
0000000110
0000001111
0000000000
0000000001
1111101111
1111111001
1111101010
0000100111
0000000110
1111100011
1111111100
0000000000
1111101001
0000100010
0000000100
1111110100
0000011110
1111010010
0000010100
0000000111
1111111011
1111111110
0000000001
1111111000
1111110101
1111010101
0000001101
0000001000
1111101011
0000011101
1111011101
0000000001
1111111000
1111101101
0000000001
1111111101
0000001000
1111110100
0000000100
1111110000
1111111110
1111110110
0000110000
0000000010
0000101011
0000001001
1111110111
0000011011
1111111001
0000000101
1111100110
0000010000
0000000100
1111011100
0000010100
1111111010
0000001101
0000000101
0000011010
1111101010
0000000010
0000000110
1111011101
0000000111
0000000001
1111110010
1111110000
1110111110
0000011010
0000010100
1111111010
1111111110
0000010110
1111111111
0000010001
1111110010
0000000110
1111011001
1111111010
0000001101
1111010100
0000000111
1111111001
1111110001
0000011111
1111110100
1111111111
0000001101
0000001111
1111110101
0000100100
1111110111
1111101011
1111101011
1111100000
1111111111
1111001110
0000110100
1111101010
1111110100
1111101011
0000001101
1111111010
1111111111
0000010001
1111110100
1111111000
0000011011
1111111001
1111111111
0000010100
1111101100
0000101001
1111111001
0000001010
1111011000
1111101001
0000101100
1111111000
0000100111
0000001101
0000000000
0000110000
1111111111
0000111100
0000001111
0000100001
0000100000
0000001000
0000010000
0000001110
1111110110
1111001100
0000011101
0000000000
0000000011
0000001000
0000010110
1111110100
0000101000
1111101100
0000010011
1111110110
0000001001
0000001001
1111001010
1111111011
1111110110
1111111111
1111111011
1111010000
1111100111
0000000010
0000000101
0000100110
1111101011
0000010110
0000000001
1111110100
1111110011
1111101001
1111101110
0000001001
0000010001
1111100100
0000000010
1111100110
0000011110
0000101000
1111110001
0000000111
0000101101
1111111110
0000010110
0000011011
0000000001
1111111100
1111101110
1111100111
1111010000
1111011111
1111101000
0000011000
0000010000
0000100000
1111011010
1111111010
0000000111
0000100110
0000111100
0000000010
0000011100
1111110000
1111111101
0000011101
1111100110
0000000101
1111011100
0000000101
1111101111
0000011010
1111011011
1111101111
0000011101
1111110100
0000000101
1111110010
1111101101
0000001001
1111111111
1111111111
0000000010
1111110010
0000101001
0000011111
0000000110
0000100100
0000010100
0000001000
0000010100
0000010100
0000011010
1111111011
1111011111
0000110011
0000100111
0000001000
1111010010
1111010011
1111010001
1111101111
0000000001
1111111010
1111101001
1111110100
0000101010
0000000100
0000000100
1111110011
0000000000
1111111110
0000000001
1111100111
0000001000
0000000100
1111110101
0000001010
1111101011
1111101110
1111111000
1111111111
0000010011
0000001000
0000000111
0000010111
0000010001
1111101101
0000011001
1111101010
0000001111
1111111111
1111110001
1111111111
1111111010
1111101001
1111111101
1111111111
1111001110
0000000110
1111001111
1111111111
1111111010
1111000010
1111100101
0000110010
1111111001
1111110010
1111010110
1111111110
0000011111
1111100100
1111111110
1111110111
0000001111
1111111101
0000000010
1111111110
1111010101
1111111111
1111111101
0000001000
1111010100
1111101101
0000011101
0000011101
1111111001
1111111111
1111010011
0000010001
0000001010
0000010001
1111111010
0000001100
1111100101
1111111101
0000000010
1110111110
1111110011
0000000011
1111011010
1111111101
0000000101
0000101100
1111101110
1111110111
0000000011
1111111110
1111101001
0000000001
0000001101
1111100111
1111110111
1111100000
1111111110
1110111100
0000000110
1111011010
0000010000
1111101000
1111101101
0000010111
0000000011
1111111000
0000000101
0000101011
1111110001
1111101011
1111110001
0000001110
0000000001
0000000000
1111101110
1111110000
1111100101
0000000100
1111110111
1111100111
1111111110
0000001000
0000000101
1111110100
1111110000
0000111100
1111111101
0000001100
1111101011
1111100101
0000000001
0000000101
0000000100
1111111100
1111110100
1111101000
0000001000
0000010110
1111110111
1111111110
1111110010
0000001101
1111101101
1111100110
1111101110
0000001111
0000000000
1111110011
1111001111
1111111001
1111110011
1111101110
0000001010
0000010101
0000010001
1111110010
1111101011
1111111011
1111100111
0000011100
0000010100
1111100001
1111100100
0000010101
1111110100
1111110101
1111011111
1111111100
1111101000
0000110000
1111010111
1111101101
0000001010
1110111100
0000010100
0000010011
0000000100
0000000011
1111100110
1111101100
0000101101
0000001011
1111110010
0000011101
1110111011
0000001011
1111011001
0000000001
1111101001
0000001001
1111111101
1111110101
1111110101
0000100010
1111101110
0000001000
1111100000
1111101110
0000000100
0000010011
1111100000
1111100110
1111111110
1111111010
1111101001
0000000100
1111101111
1111111110
0000000110
0000011111
1111101011
0000001011
1111110110
1111111001
1111110010
0000000000
0000000011
1111110011
1111101011
1111111011
0000011101
1111111000
1111100010
0000010011
0000000111
1111100000
0000100000
0000011100
1111100001
1111100011
1111101010
1111011011
0000011010
1111110111
0000100000
1111110110
0000011001
0000010000
0000000101
0000001110
1111100111
1111010100
1111110111
0000000010
1111101110
0000000110
0000011110
0000011101
0000011001
1111101100
0000110110
0000011100
0000001011
0000000001
1111100011
0000010100
0000001111
0000001101
1111111010
1111110110
1111100111
1111111101
0000010101
1111110000
0000000110
1111111110
1111101001
0000000101
0000001111
1111010010
0000010001
1111111011
1111110100
0000101011
1111110011
1111101000
0000000001
0000011110
1111111001
0000010100
0000011111
1111111101
0000010010
1111101001
0000010010
0000001010
1111100100
1111101010
1111100101
0000000011
0000100101
0000001001
0000100110
0000101001
1111111011
0000001111
1111111110
0000001100
1111011111
0000001010
0000110011
0000001100
0000000001
1111111101
1111010011
0000011001
0000101010
1111111110
1111100001
0000001000
0000010101
0000100111
1111101110
1111110000
1111111011
0000001011
0000100010
1111111110
0000100001
1111110011
1111111100
1111100011
0000001110
1111111101
1111110001
0000011000
0000001100
0000010011
0000010010
1111100001
0000001101
0000100110
1111011010
0000000110
0000000010
0000010100
1111111011
0000100100
1111110010
0000001111
1111001010
1111110000
0000000101
1111110010
0000011011
0000001010
0000001000
0000000010
1111100110
0000000011
1111101000
0000000111
1111111101
0000010110
1111110001
0000010111
1111110011
0000000001
0000000010
0000000101
1111111010
1111110101
0000001011
0000011010
1111101101
1111100101
1111110001
1111110111
1111000011
0000011100
0000010111
1111111010
1111101101
1111111010
0000011010
1111100100
0000001010
0000000000
0000000010
0000101011
0000010111
0000111001
1111110001
0000000100
0000101111
1111111001
0000000100
1111100100
1111100101
1111100100
0000101000
0000001000
1111101111
0000000100
0000011000
1111011111
0000100110
0000000010
1111011001
1111100011
0000100111
0000001110
1111101110
1111110110
1111100001
0000001110
0000100100
0000000000
1111101110
1111110001
1111100010
1111110000
0000001000
1111100101
1111110111
1111001100
1111111100
1111100010
1111111100
0000010101
0000001011
1111101001
0000000110
0000001111
1111111011
1111110110
0000000110
1111111110
1111110101
1111011111
0000000111
1111110101
1111111001
0000001111
0000010100
1111110000
0000000011
1111100000
0000001110
1111111111
1111110111
0000010111
1111100011
0000010110
1111011111
1111100000
0000110000
1111110001
1111011101
1111101111
0000011000
0000001110
1111111110
0000101000
0000001010
1111110001
0000011010
1111110111
1111110101
0000011001
1111110011
0000011111
0000000101
0000010101
0000000100
0000001101
0000001100
1111110110
0000000011
0000011101
0000000010
0000011001
0000000111
0000001100
0000001011
0000011110
0000000100
1111111110
1111101111
0000011111
0000011010
1111101010
0000000000
1111110011
0000000001
1111110011
